  0.49714987E+00 -0.31366548E+00
  0.19611988E+00 -0.12437104E+01
 -0.10491012E+00 -0.31797125E+01
 -0.40594011E+00 -0.40081743E+01
 -0.70697011E+00 -0.46084373E+01
 -0.10080001E+01 -0.52104383E+01
 -0.13090301E+01 -0.58124836E+01
 -0.16100601E+01 -0.64145399E+01
 -0.19110901E+01 -0.70165989E+01
 -0.22121201E+01 -0.76186587E+01
 -0.25131501E+01 -0.82207185E+01
 -0.28141801E+01 -0.88227790E+01
 -0.31152101E+01 -0.94248415E+01
 -0.34162401E+01 -0.10026875E+02
 -0.37172701E+01 -0.10628848E+02
 -0.40183001E+01 -0.11231676E+02
 -0.43193301E+01 -0.11825093E+02
 -0.46203601E+01 -0.12415263E+02
 -0.49213900E+01 -0.12964251E+02
 -0.52224200E+01 -0.13954590E+02
 -0.55234500E+01 -0.13288072E+02
 -0.58244800E+01 -0.12844000E+02
 -0.61255100E+01 -0.12945139E+02
 -0.64265400E+01 -0.12944290E+02
 -0.67275700E+01 -0.12928465E+02

