A=
  0.37E+01  0.33E+01  0.30E+01  0.27E+01  0.23E+01  0.20E+01  0.17E+01  0.13E+01
  0.77E+01  0.73E+01  0.70E+01  0.67E+01  0.63E+01  0.60E+01  0.57E+01  0.53E+01
  0.12E+02  0.11E+02  0.11E+02  0.11E+02  0.10E+02  0.10E+02  0.97E+01  0.93E+01
  0.16E+02  0.15E+02  0.15E+02  0.15E+02  0.14E+02  0.14E+02  0.14E+02  0.13E+02
  0.20E+02  0.19E+02  0.19E+02  0.19E+02  0.18E+02  0.18E+02  0.18E+02  0.17E+02
  0.24E+02  0.23E+02  0.23E+02  0.23E+02  0.22E+02  0.22E+02  0.22E+02  0.21E+02
  0.28E+02  0.27E+02  0.27E+02  0.27E+02  0.26E+02  0.26E+02  0.26E+02  0.25E+02
  0.32E+02  0.31E+02  0.31E+02  0.31E+02  0.30E+02  0.30E+02  0.30E+02  0.29E+02
B=
  0.10E+01  0.50E+00  0.33E+00  0.25E+00  0.20E+00  0.17E+00  0.14E+00  0.12E+00
  0.20E+01  0.10E+01  0.67E+00  0.50E+00  0.40E+00  0.33E+00  0.29E+00  0.25E+00
  0.30E+01  0.15E+01  0.10E+01  0.75E+00  0.60E+00  0.50E+00  0.43E+00  0.38E+00
  0.40E+01  0.20E+01  0.13E+01  0.10E+01  0.80E+00  0.67E+00  0.57E+00  0.50E+00
  0.50E+01  0.25E+01  0.17E+01  0.12E+01  0.10E+01  0.83E+00  0.71E+00  0.62E+00
  0.60E+01  0.30E+01  0.20E+01  0.15E+01  0.12E+01  0.10E+01  0.86E+00  0.75E+00
  0.70E+01  0.35E+01  0.23E+01  0.18E+01  0.14E+01  0.12E+01  0.10E+01  0.88E+00
  0.80E+01  0.40E+01  0.27E+01  0.20E+01  0.16E+01  0.13E+01  0.11E+01  0.10E+01
C=
  0.47E+01  0.38E+01  0.33E+01  0.29E+01  0.25E+01  0.22E+01  0.18E+01  0.15E+01
  0.97E+01  0.83E+01  0.77E+01  0.72E+01  0.67E+01  0.63E+01  0.60E+01  0.56E+01
  0.15E+02  0.13E+02  0.12E+02  0.11E+02  0.11E+02  0.10E+02  0.10E+02  0.97E+01
  0.20E+02  0.17E+02  0.16E+02  0.16E+02  0.15E+02  0.15E+02  0.14E+02  0.14E+02
  0.25E+02  0.22E+02  0.21E+02  0.20E+02  0.19E+02  0.19E+02  0.18E+02  0.18E+02
  0.30E+02  0.26E+02  0.25E+02  0.24E+02  0.24E+02  0.23E+02  0.23E+02  0.22E+02
  0.35E+02  0.31E+02  0.29E+02  0.28E+02  0.28E+02  0.27E+02  0.27E+02  0.26E+02
  0.40E+02  0.35E+02  0.34E+02  0.33E+02  0.32E+02  0.31E+02  0.31E+02  0.30E+02
D=
  0.76E+02  0.38E+02  0.25E+02  0.19E+02  0.15E+02  0.13E+02  0.11E+02  0.95E+01
  0.22E+03  0.11E+03  0.73E+02  0.55E+02  0.44E+02  0.37E+02  0.31E+02  0.28E+02
  0.36E+03  0.18E+03  0.12E+03  0.91E+02  0.73E+02  0.61E+02  0.52E+02  0.45E+02
  0.51E+03  0.25E+03  0.17E+03  0.13E+03  0.10E+03  0.85E+02  0.73E+02  0.63E+02
  0.65E+03  0.33E+03  0.22E+03  0.16E+03  0.13E+03  0.11E+03  0.93E+02  0.82E+02
  0.80E+03  0.40E+03  0.27E+03  0.20E+03  0.16E+03  0.13E+03  0.11E+03  0.10E+03
  0.94E+03  0.47E+03  0.31E+03  0.24E+03  0.19E+03  0.16E+03  0.13E+03  0.12E+03
  0.11E+04  0.54E+03  0.36E+03  0.27E+03  0.22E+03  0.18E+03  0.15E+03  0.14E+03
