 -0.99804688E+00 -0.92037548E-02
 -0.99609375E+00 -0.18406730E-01
 -0.99414062E+00 -0.27608146E-01
 -0.99218750E+00 -0.36807223E-01
 -0.99023438E+00 -0.46003182E-01
 -0.98828125E+00 -0.55195244E-01
 -0.98632812E+00 -0.64382631E-01
 -0.98437500E+00 -0.73564564E-01
 -0.98242188E+00 -0.82740265E-01
 -0.98046875E+00 -0.91908956E-01
 -0.97851562E+00 -0.10106986E+00
 -0.97656250E+00 -0.11022221E+00
 -0.97460938E+00 -0.11936521E+00
 -0.97265625E+00 -0.12849811E+00
 -0.97070312E+00 -0.13762012E+00
 -0.96875000E+00 -0.14673047E+00
 -0.96679688E+00 -0.15582840E+00
 -0.96484375E+00 -0.16491312E+00
 -0.96289062E+00 -0.17398387E+00
 -0.96093750E+00 -0.18303989E+00
 -0.95898438E+00 -0.19208040E+00
 -0.95703125E+00 -0.20110463E+00
 -0.95507812E+00 -0.21011184E+00
 -0.95312500E+00 -0.21910124E+00
 -0.95117188E+00 -0.22807208E+00
 -0.94921875E+00 -0.23702361E+00
 -0.94726562E+00 -0.24595505E+00
 -0.94531250E+00 -0.25486566E+00
 -0.94335938E+00 -0.26375468E+00
 -0.94140625E+00 -0.27262136E+00
 -0.93945312E+00 -0.28146494E+00
 -0.93750000E+00 -0.29028468E+00
 -0.93554688E+00 -0.29907983E+00
 -0.93359375E+00 -0.30784964E+00
 -0.93164062E+00 -0.31659338E+00
 -0.92968750E+00 -0.32531029E+00
 -0.92773438E+00 -0.33399965E+00
 -0.92578125E+00 -0.34266072E+00
 -0.92382812E+00 -0.35129276E+00
 -0.92187500E+00 -0.35989504E+00
 -0.91992188E+00 -0.36846683E+00
 -0.91796875E+00 -0.37700741E+00
 -0.91601562E+00 -0.38551605E+00
 -0.91406250E+00 -0.39399204E+00
 -0.91210938E+00 -0.40243465E+00
 -0.91015625E+00 -0.41084317E+00
 -0.90820312E+00 -0.41921689E+00
 -0.90625000E+00 -0.42755509E+00
 -0.90429688E+00 -0.43585708E+00
 -0.90234375E+00 -0.44412214E+00
 -0.90039062E+00 -0.45234959E+00
 -0.89843750E+00 -0.46053871E+00
 -0.89648438E+00 -0.46868882E+00
 -0.89453125E+00 -0.47679923E+00
 -0.89257812E+00 -0.48486925E+00
 -0.89062500E+00 -0.49289819E+00
 -0.88867188E+00 -0.50088538E+00
 -0.88671875E+00 -0.50883014E+00
 -0.88476562E+00 -0.51673180E+00
 -0.88281250E+00 -0.52458968E+00
 -0.88085938E+00 -0.53240313E+00
 -0.87890625E+00 -0.54017147E+00
 -0.87695312E+00 -0.54789406E+00
 -0.87500000E+00 -0.55557023E+00
 -0.87304688E+00 -0.56319934E+00
 -0.87109375E+00 -0.57078075E+00
 -0.86914062E+00 -0.57831380E+00
 -0.86718750E+00 -0.58579786E+00
 -0.86523438E+00 -0.59323230E+00
 -0.86328125E+00 -0.60061648E+00
 -0.86132812E+00 -0.60794978E+00
 -0.85937500E+00 -0.61523159E+00
 -0.85742188E+00 -0.62246128E+00
 -0.85546875E+00 -0.62963824E+00
 -0.85351562E+00 -0.63676186E+00
 -0.85156250E+00 -0.64383154E+00
 -0.84960938E+00 -0.65084668E+00
 -0.84765625E+00 -0.65780669E+00
 -0.84570312E+00 -0.66471098E+00
 -0.84375000E+00 -0.67155895E+00
 -0.84179688E+00 -0.67835004E+00
 -0.83984375E+00 -0.68508367E+00
 -0.83789062E+00 -0.69175926E+00
 -0.83593750E+00 -0.69837625E+00
 -0.83398438E+00 -0.70493408E+00
 -0.83203125E+00 -0.71143220E+00
 -0.83007812E+00 -0.71787005E+00
 -0.82812500E+00 -0.72424708E+00
 -0.82617188E+00 -0.73056277E+00
 -0.82421875E+00 -0.73681657E+00
 -0.82226562E+00 -0.74300795E+00
 -0.82031250E+00 -0.74913639E+00
 -0.81835938E+00 -0.75520138E+00
 -0.81640625E+00 -0.76120239E+00
 -0.81445312E+00 -0.76713891E+00
 -0.81250000E+00 -0.77301045E+00
 -0.81054688E+00 -0.77881651E+00
 -0.80859375E+00 -0.78455660E+00
 -0.80664062E+00 -0.79023022E+00
 -0.80468750E+00 -0.79583690E+00
 -0.80273438E+00 -0.80137617E+00
 -0.80078125E+00 -0.80684755E+00
 -0.79882812E+00 -0.81225059E+00
 -0.79687500E+00 -0.81758481E+00
 -0.79492188E+00 -0.82284978E+00
 -0.79296875E+00 -0.82804505E+00
 -0.79101562E+00 -0.83317016E+00
 -0.78906250E+00 -0.83822471E+00
 -0.78710938E+00 -0.84320824E+00
 -0.78515625E+00 -0.84812034E+00
 -0.78320312E+00 -0.85296060E+00
 -0.78125000E+00 -0.85772861E+00
 -0.77929688E+00 -0.86242396E+00
 -0.77734375E+00 -0.86704625E+00
 -0.77539062E+00 -0.87159509E+00
 -0.77343750E+00 -0.87607009E+00
 -0.77148438E+00 -0.88047089E+00
 -0.76953125E+00 -0.88479710E+00
 -0.76757812E+00 -0.88904836E+00
 -0.76562500E+00 -0.89322430E+00
 -0.76367188E+00 -0.89732458E+00
 -0.76171875E+00 -0.90134885E+00
 -0.75976562E+00 -0.90529676E+00
 -0.75781250E+00 -0.90916798E+00
 -0.75585938E+00 -0.91296219E+00
 -0.75390625E+00 -0.91667906E+00
 -0.75195312E+00 -0.92031828E+00
 -0.75000000E+00 -0.92387953E+00
 -0.74804688E+00 -0.92736253E+00
 -0.74609375E+00 -0.93076696E+00
 -0.74414062E+00 -0.93409255E+00
 -0.74218750E+00 -0.93733901E+00
 -0.74023438E+00 -0.94050607E+00
 -0.73828125E+00 -0.94359346E+00
 -0.73632812E+00 -0.94660091E+00
 -0.73437500E+00 -0.94952818E+00
 -0.73242188E+00 -0.95237501E+00
 -0.73046875E+00 -0.95514117E+00
 -0.72851562E+00 -0.95782641E+00
 -0.72656250E+00 -0.96043052E+00
 -0.72460938E+00 -0.96295327E+00
 -0.72265625E+00 -0.96539444E+00
 -0.72070312E+00 -0.96775384E+00
 -0.71875000E+00 -0.97003125E+00
 -0.71679688E+00 -0.97222650E+00
 -0.71484375E+00 -0.97433938E+00
 -0.71289062E+00 -0.97636973E+00
 -0.71093750E+00 -0.97831737E+00
 -0.70898438E+00 -0.98018214E+00
 -0.70703125E+00 -0.98196387E+00
 -0.70507812E+00 -0.98366242E+00
 -0.70312500E+00 -0.98527764E+00
 -0.70117188E+00 -0.98680940E+00
 -0.69921875E+00 -0.98825757E+00
 -0.69726562E+00 -0.98962202E+00
 -0.69531250E+00 -0.99090264E+00
 -0.69335938E+00 -0.99209931E+00
 -0.69140625E+00 -0.99321195E+00
 -0.68945312E+00 -0.99424045E+00
 -0.68750000E+00 -0.99518473E+00
 -0.68554688E+00 -0.99604470E+00
 -0.68359375E+00 -0.99682030E+00
 -0.68164062E+00 -0.99751146E+00
 -0.67968750E+00 -0.99811811E+00
 -0.67773438E+00 -0.99864022E+00
 -0.67578125E+00 -0.99907773E+00
 -0.67382812E+00 -0.99943060E+00
 -0.67187500E+00 -0.99969882E+00
 -0.66992188E+00 -0.99988235E+00
 -0.66796875E+00 -0.99998118E+00
 -0.66601562E+00 -0.99999529E+00
 -0.66406250E+00 -0.99992470E+00
 -0.66210938E+00 -0.99976941E+00
 -0.66015625E+00 -0.99952942E+00
 -0.65820312E+00 -0.99920476E+00
 -0.65625000E+00 -0.99879546E+00
 -0.65429688E+00 -0.99830154E+00
 -0.65234375E+00 -0.99772307E+00
 -0.65039062E+00 -0.99706007E+00
 -0.64843750E+00 -0.99631261E+00
 -0.64648438E+00 -0.99548076E+00
 -0.64453125E+00 -0.99456457E+00
 -0.64257812E+00 -0.99356414E+00
 -0.64062500E+00 -0.99247953E+00
 -0.63867188E+00 -0.99131086E+00
 -0.63671875E+00 -0.99005821E+00
 -0.63476562E+00 -0.98872169E+00
 -0.63281250E+00 -0.98730142E+00
 -0.63085938E+00 -0.98579751E+00
 -0.62890625E+00 -0.98421009E+00
 -0.62695312E+00 -0.98253930E+00
 -0.62500000E+00 -0.98078528E+00
 -0.62304688E+00 -0.97894818E+00
 -0.62109375E+00 -0.97702814E+00
 -0.61914062E+00 -0.97502535E+00
 -0.61718750E+00 -0.97293995E+00
 -0.61523438E+00 -0.97077214E+00
 -0.61328125E+00 -0.96852209E+00
 -0.61132812E+00 -0.96619000E+00
 -0.60937500E+00 -0.96377607E+00
 -0.60742188E+00 -0.96128049E+00
 -0.60546875E+00 -0.95870347E+00
 -0.60351562E+00 -0.95604525E+00
 -0.60156250E+00 -0.95330604E+00
 -0.59960938E+00 -0.95048607E+00
 -0.59765625E+00 -0.94758559E+00
 -0.59570312E+00 -0.94460484E+00
 -0.59375000E+00 -0.94154407E+00
 -0.59179688E+00 -0.93840353E+00
 -0.58984375E+00 -0.93518351E+00
 -0.58789062E+00 -0.93188427E+00
 -0.58593750E+00 -0.92850608E+00
 -0.58398438E+00 -0.92504924E+00
 -0.58203125E+00 -0.92151404E+00
 -0.58007812E+00 -0.91790078E+00
 -0.57812500E+00 -0.91420976E+00
 -0.57617188E+00 -0.91044129E+00
 -0.57421875E+00 -0.90659570E+00
 -0.57226562E+00 -0.90267332E+00
 -0.57031250E+00 -0.89867447E+00
 -0.56835938E+00 -0.89459949E+00
 -0.56640625E+00 -0.89044872E+00
 -0.56445312E+00 -0.88622253E+00
 -0.56250000E+00 -0.88192126E+00
 -0.56054688E+00 -0.87754529E+00
 -0.55859375E+00 -0.87309498E+00
 -0.55664062E+00 -0.86857071E+00
 -0.55468750E+00 -0.86397286E+00
 -0.55273438E+00 -0.85930182E+00
 -0.55078125E+00 -0.85455799E+00
 -0.54882812E+00 -0.84974177E+00
 -0.54687500E+00 -0.84485357E+00
 -0.54492188E+00 -0.83989379E+00
 -0.54296875E+00 -0.83486287E+00
 -0.54101562E+00 -0.82976123E+00
 -0.53906250E+00 -0.82458930E+00
 -0.53710938E+00 -0.81934752E+00
 -0.53515625E+00 -0.81403633E+00
 -0.53320312E+00 -0.80865618E+00
 -0.53125000E+00 -0.80320753E+00
 -0.52929688E+00 -0.79769084E+00
 -0.52734375E+00 -0.79210658E+00
 -0.52539062E+00 -0.78645521E+00
 -0.52343750E+00 -0.78073723E+00
 -0.52148438E+00 -0.77495311E+00
 -0.51953125E+00 -0.76910334E+00
 -0.51757812E+00 -0.76318842E+00
 -0.51562500E+00 -0.75720885E+00
 -0.51367188E+00 -0.75116513E+00
 -0.51171875E+00 -0.74505779E+00
 -0.50976562E+00 -0.73888732E+00
 -0.50781250E+00 -0.73265427E+00
 -0.50585938E+00 -0.72635916E+00
 -0.50390625E+00 -0.72000251E+00
 -0.50195312E+00 -0.71358487E+00
 -0.50000000E+00 -0.70710678E+00
 -0.49804688E+00 -0.70056879E+00
 -0.49609375E+00 -0.69397146E+00
 -0.49414062E+00 -0.68731534E+00
 -0.49218750E+00 -0.68060100E+00
 -0.49023438E+00 -0.67382900E+00
 -0.48828125E+00 -0.66699992E+00
 -0.48632812E+00 -0.66011434E+00
 -0.48437500E+00 -0.65317284E+00
 -0.48242188E+00 -0.64617601E+00
 -0.48046875E+00 -0.63912444E+00
 -0.47851562E+00 -0.63201874E+00
 -0.47656250E+00 -0.62485949E+00
 -0.47460938E+00 -0.61764731E+00
 -0.47265625E+00 -0.61038281E+00
 -0.47070312E+00 -0.60306660E+00
 -0.46875000E+00 -0.59569930E+00
 -0.46679688E+00 -0.58828155E+00
 -0.46484375E+00 -0.58081396E+00
 -0.46289062E+00 -0.57329717E+00
 -0.46093750E+00 -0.56573181E+00
 -0.45898438E+00 -0.55811853E+00
 -0.45703125E+00 -0.55045797E+00
 -0.45507812E+00 -0.54275078E+00
 -0.45312500E+00 -0.53499762E+00
 -0.45117188E+00 -0.52719913E+00
 -0.44921875E+00 -0.51935599E+00
 -0.44726562E+00 -0.51146885E+00
 -0.44531250E+00 -0.50353838E+00
 -0.44335938E+00 -0.49556526E+00
 -0.44140625E+00 -0.48755016E+00
 -0.43945312E+00 -0.47949376E+00
 -0.43750000E+00 -0.47139674E+00
 -0.43554688E+00 -0.46325978E+00
 -0.43359375E+00 -0.45508359E+00
 -0.43164062E+00 -0.44686884E+00
 -0.42968750E+00 -0.43861624E+00
 -0.42773438E+00 -0.43032648E+00
 -0.42578125E+00 -0.42200027E+00
 -0.42382812E+00 -0.41363831E+00
 -0.42187500E+00 -0.40524131E+00
 -0.41992188E+00 -0.39680999E+00
 -0.41796875E+00 -0.38834505E+00
 -0.41601562E+00 -0.37984721E+00
 -0.41406250E+00 -0.37131719E+00
 -0.41210938E+00 -0.36275572E+00
 -0.41015625E+00 -0.35416353E+00
 -0.40820312E+00 -0.34554132E+00
 -0.40625000E+00 -0.33688985E+00
 -0.40429688E+00 -0.32820984E+00
 -0.40234375E+00 -0.31950203E+00
 -0.40039062E+00 -0.31076715E+00
 -0.39843750E+00 -0.30200595E+00
 -0.39648438E+00 -0.29321916E+00
 -0.39453125E+00 -0.28440754E+00
 -0.39257812E+00 -0.27557182E+00
 -0.39062500E+00 -0.26671276E+00
 -0.38867188E+00 -0.25783110E+00
 -0.38671875E+00 -0.24892761E+00
 -0.38476562E+00 -0.24000302E+00
 -0.38281250E+00 -0.23105811E+00
 -0.38085938E+00 -0.22209362E+00
 -0.37890625E+00 -0.21311032E+00
 -0.37695312E+00 -0.20410897E+00
 -0.37500000E+00 -0.19509032E+00
 -0.37304688E+00 -0.18605515E+00
 -0.37109375E+00 -0.17700422E+00
 -0.36914062E+00 -0.16793829E+00
 -0.36718750E+00 -0.15885814E+00
 -0.36523438E+00 -0.14976453E+00
 -0.36328125E+00 -0.14065824E+00
 -0.36132812E+00 -0.13154003E+00
 -0.35937500E+00 -0.12241068E+00
 -0.35742188E+00 -0.11327095E+00
 -0.35546875E+00 -0.10412163E+00
 -0.35351562E+00 -0.94963495E-01
 -0.35156250E+00 -0.85797312E-01
 -0.34960938E+00 -0.76623861E-01
 -0.34765625E+00 -0.67443920E-01
 -0.34570312E+00 -0.58258265E-01
 -0.34375000E+00 -0.49067674E-01
 -0.34179688E+00 -0.39872928E-01
 -0.33984375E+00 -0.30674803E-01
 -0.33789062E+00 -0.21474080E-01
 -0.33593750E+00 -0.12271538E-01
 -0.33398438E+00 -0.30679568E-02
 -0.33203125E+00  0.61358846E-02
 -0.33007812E+00  0.15339206E-01
 -0.32812500E+00  0.24541229E-01
 -0.32617188E+00  0.33741172E-01
 -0.32421875E+00  0.42938257E-01
 -0.32226562E+00  0.52131705E-01
 -0.32031250E+00  0.61320736E-01
 -0.31835938E+00  0.70504573E-01
 -0.31640625E+00  0.79682438E-01
 -0.31445312E+00  0.88853553E-01
 -0.31250000E+00  0.98017140E-01
 -0.31054688E+00  0.10717242E+00
 -0.30859375E+00  0.11631863E+00
 -0.30664062E+00  0.12545498E+00
 -0.30468750E+00  0.13458071E+00
 -0.30273438E+00  0.14369503E+00
 -0.30078125E+00  0.15279719E+00
 -0.29882812E+00  0.16188639E+00
 -0.29687500E+00  0.17096189E+00
 -0.29492188E+00  0.18002290E+00
 -0.29296875E+00  0.18906866E+00
 -0.29101562E+00  0.19809841E+00
 -0.28906250E+00  0.20711138E+00
 -0.28710938E+00  0.21610680E+00
 -0.28515625E+00  0.22508391E+00
 -0.28320312E+00  0.23404196E+00
 -0.28125000E+00  0.24298018E+00
 -0.27929688E+00  0.25189782E+00
 -0.27734375E+00  0.26079412E+00
 -0.27539062E+00  0.26966833E+00
 -0.27343750E+00  0.27851969E+00
 -0.27148438E+00  0.28734746E+00
 -0.26953125E+00  0.29615089E+00
 -0.26757812E+00  0.30492923E+00
 -0.26562500E+00  0.31368174E+00
 -0.26367188E+00  0.32240768E+00
 -0.26171875E+00  0.33110631E+00
 -0.25976562E+00  0.33977688E+00
 -0.25781250E+00  0.34841868E+00
 -0.25585938E+00  0.35703096E+00
 -0.25390625E+00  0.36561300E+00
 -0.25195312E+00  0.37416406E+00
 -0.25000000E+00  0.38268343E+00
 -0.24804688E+00  0.39117038E+00
 -0.24609375E+00  0.39962420E+00
 -0.24414062E+00  0.40804416E+00
 -0.24218750E+00  0.41642956E+00
 -0.24023438E+00  0.42477968E+00
 -0.23828125E+00  0.43309382E+00
 -0.23632812E+00  0.44137127E+00
 -0.23437500E+00  0.44961133E+00
 -0.23242188E+00  0.45781330E+00
 -0.23046875E+00  0.46597650E+00
 -0.22851562E+00  0.47410021E+00
 -0.22656250E+00  0.48218377E+00
 -0.22460938E+00  0.49022648E+00
 -0.22265625E+00  0.49822767E+00
 -0.22070312E+00  0.50618665E+00
 -0.21875000E+00  0.51410274E+00
 -0.21679688E+00  0.52197529E+00
 -0.21484375E+00  0.52980362E+00
 -0.21289062E+00  0.53758708E+00
 -0.21093750E+00  0.54532499E+00
 -0.20898438E+00  0.55301671E+00
 -0.20703125E+00  0.56066158E+00
 -0.20507812E+00  0.56825895E+00
 -0.20312500E+00  0.57580819E+00
 -0.20117188E+00  0.58330865E+00
 -0.19921875E+00  0.59075970E+00
 -0.19726562E+00  0.59816071E+00
 -0.19531250E+00  0.60551104E+00
 -0.19335938E+00  0.61281008E+00
 -0.19140625E+00  0.62005721E+00
 -0.18945312E+00  0.62725182E+00
 -0.18750000E+00  0.63439328E+00
 -0.18554688E+00  0.64148101E+00
 -0.18359375E+00  0.64851440E+00
 -0.18164062E+00  0.65549285E+00
 -0.17968750E+00  0.66241578E+00
 -0.17773438E+00  0.66928259E+00
 -0.17578125E+00  0.67609270E+00
 -0.17382812E+00  0.68284555E+00
 -0.17187500E+00  0.68954054E+00
 -0.16992188E+00  0.69617713E+00
 -0.16796875E+00  0.70275474E+00
 -0.16601562E+00  0.70927283E+00
 -0.16406250E+00  0.71573083E+00
 -0.16210938E+00  0.72212819E+00
 -0.16015625E+00  0.72846439E+00
 -0.15820312E+00  0.73473888E+00
 -0.15625000E+00  0.74095113E+00
 -0.15429688E+00  0.74710061E+00
 -0.15234375E+00  0.75318680E+00
 -0.15039062E+00  0.75920919E+00
 -0.14843750E+00  0.76516727E+00
 -0.14648438E+00  0.77106052E+00
 -0.14453125E+00  0.77688847E+00
 -0.14257812E+00  0.78265060E+00
 -0.14062500E+00  0.78834643E+00
 -0.13867188E+00  0.79397548E+00
 -0.13671875E+00  0.79953727E+00
 -0.13476562E+00  0.80503133E+00
 -0.13281250E+00  0.81045720E+00
 -0.13085938E+00  0.81581441E+00
 -0.12890625E+00  0.82110251E+00
 -0.12695312E+00  0.82632106E+00
 -0.12500000E+00  0.83146961E+00
 -0.12304688E+00  0.83654773E+00
 -0.12109375E+00  0.84155498E+00
 -0.11914062E+00  0.84649094E+00
 -0.11718750E+00  0.85135519E+00
 -0.11523438E+00  0.85614733E+00
 -0.11328125E+00  0.86086694E+00
 -0.11132812E+00  0.86551362E+00
 -0.10937500E+00  0.87008699E+00
 -0.10742188E+00  0.87458665E+00
 -0.10546875E+00  0.87901223E+00
 -0.10351562E+00  0.88336334E+00
 -0.10156250E+00  0.88763962E+00
 -0.99609375E-01  0.89184071E+00
 -0.97656250E-01  0.89596625E+00
 -0.95703125E-01  0.90001589E+00
 -0.93750000E-01  0.90398929E+00
 -0.91796875E-01  0.90788612E+00
 -0.89843750E-01  0.91170603E+00
 -0.87890625E-01  0.91544872E+00
 -0.85937500E-01  0.91911385E+00
 -0.83984375E-01  0.92270113E+00
 -0.82031250E-01  0.92621024E+00
 -0.80078125E-01  0.92964090E+00
 -0.78125000E-01  0.93299280E+00
 -0.76171875E-01  0.93626567E+00
 -0.74218750E-01  0.93945922E+00
 -0.72265625E-01  0.94257320E+00
 -0.70312500E-01  0.94560733E+00
 -0.68359375E-01  0.94856135E+00
 -0.66406250E-01  0.95143502E+00
 -0.64453125E-01  0.95422810E+00
 -0.62500000E-01  0.95694034E+00
 -0.60546875E-01  0.95957151E+00
 -0.58593750E-01  0.96212140E+00
 -0.56640625E-01  0.96458979E+00
 -0.54687500E-01  0.96697647E+00
 -0.52734375E-01  0.96928124E+00
 -0.50781250E-01  0.97150389E+00
 -0.48828125E-01  0.97364425E+00
 -0.46875000E-01  0.97570213E+00
 -0.44921875E-01  0.97767736E+00
 -0.42968750E-01  0.97956977E+00
 -0.41015625E-01  0.98137919E+00
 -0.39062500E-01  0.98310549E+00
 -0.37109375E-01  0.98474850E+00
 -0.35156250E-01  0.98630810E+00
 -0.33203125E-01  0.98778414E+00
 -0.31250000E-01  0.98917651E+00
 -0.29296875E-01  0.99048508E+00
 -0.27343750E-01  0.99170975E+00
 -0.25390625E-01  0.99285041E+00
 -0.23437500E-01  0.99390697E+00
 -0.21484375E-01  0.99487933E+00
 -0.19531250E-01  0.99576741E+00
 -0.17578125E-01  0.99657115E+00
 -0.15625000E-01  0.99729046E+00
 -0.13671875E-01  0.99792529E+00
 -0.11718750E-01  0.99847558E+00
 -0.97656250E-02  0.99894129E+00
 -0.78125000E-02  0.99932238E+00
 -0.58593750E-02  0.99961882E+00
 -0.39062500E-02  0.99983058E+00
 -0.19531250E-02  0.99995764E+00
  0.00000000E+00  0.10000000E+01
  0.19531250E-02  0.99995764E+00
  0.39062500E-02  0.99983058E+00
  0.58593750E-02  0.99961882E+00
  0.78125000E-02  0.99932238E+00
  0.97656250E-02  0.99894129E+00
  0.11718750E-01  0.99847558E+00
  0.13671875E-01  0.99792529E+00
  0.15625000E-01  0.99729046E+00
  0.17578125E-01  0.99657115E+00
  0.19531250E-01  0.99576741E+00
  0.21484375E-01  0.99487933E+00
  0.23437500E-01  0.99390697E+00
  0.25390625E-01  0.99285041E+00
  0.27343750E-01  0.99170975E+00
  0.29296875E-01  0.99048508E+00
  0.31250000E-01  0.98917651E+00
  0.33203125E-01  0.98778414E+00
  0.35156250E-01  0.98630810E+00
  0.37109375E-01  0.98474850E+00
  0.39062500E-01  0.98310549E+00
  0.41015625E-01  0.98137919E+00
  0.42968750E-01  0.97956977E+00
  0.44921875E-01  0.97767736E+00
  0.46875000E-01  0.97570213E+00
  0.48828125E-01  0.97364425E+00
  0.50781250E-01  0.97150389E+00
  0.52734375E-01  0.96928124E+00
  0.54687500E-01  0.96697647E+00
  0.56640625E-01  0.96458979E+00
  0.58593750E-01  0.96212140E+00
  0.60546875E-01  0.95957151E+00
  0.62500000E-01  0.95694034E+00
  0.64453125E-01  0.95422810E+00
  0.66406250E-01  0.95143502E+00
  0.68359375E-01  0.94856135E+00
  0.70312500E-01  0.94560733E+00
  0.72265625E-01  0.94257320E+00
  0.74218750E-01  0.93945922E+00
  0.76171875E-01  0.93626567E+00
  0.78125000E-01  0.93299280E+00
  0.80078125E-01  0.92964090E+00
  0.82031250E-01  0.92621024E+00
  0.83984375E-01  0.92270113E+00
  0.85937500E-01  0.91911385E+00
  0.87890625E-01  0.91544872E+00
  0.89843750E-01  0.91170603E+00
  0.91796875E-01  0.90788612E+00
  0.93750000E-01  0.90398929E+00
  0.95703125E-01  0.90001589E+00
  0.97656250E-01  0.89596625E+00
  0.99609375E-01  0.89184071E+00
  0.10156250E+00  0.88763962E+00
  0.10351562E+00  0.88336334E+00
  0.10546875E+00  0.87901223E+00
  0.10742188E+00  0.87458665E+00
  0.10937500E+00  0.87008699E+00
  0.11132812E+00  0.86551362E+00
  0.11328125E+00  0.86086694E+00
  0.11523438E+00  0.85614733E+00
  0.11718750E+00  0.85135519E+00
  0.11914062E+00  0.84649094E+00
  0.12109375E+00  0.84155498E+00
  0.12304688E+00  0.83654773E+00
  0.12500000E+00  0.83146961E+00
  0.12695312E+00  0.82632106E+00
  0.12890625E+00  0.82110251E+00
  0.13085938E+00  0.81581441E+00
  0.13281250E+00  0.81045720E+00
  0.13476562E+00  0.80503133E+00
  0.13671875E+00  0.79953727E+00
  0.13867188E+00  0.79397548E+00
  0.14062500E+00  0.78834643E+00
  0.14257812E+00  0.78265060E+00
  0.14453125E+00  0.77688847E+00
  0.14648438E+00  0.77106052E+00
  0.14843750E+00  0.76516727E+00
  0.15039062E+00  0.75920919E+00
  0.15234375E+00  0.75318680E+00
  0.15429688E+00  0.74710061E+00
  0.15625000E+00  0.74095113E+00
  0.15820312E+00  0.73473888E+00
  0.16015625E+00  0.72846439E+00
  0.16210938E+00  0.72212819E+00
  0.16406250E+00  0.71573083E+00
  0.16601562E+00  0.70927283E+00
  0.16796875E+00  0.70275474E+00
  0.16992188E+00  0.69617713E+00
  0.17187500E+00  0.68954054E+00
  0.17382812E+00  0.68284555E+00
  0.17578125E+00  0.67609270E+00
  0.17773438E+00  0.66928259E+00
  0.17968750E+00  0.66241578E+00
  0.18164062E+00  0.65549285E+00
  0.18359375E+00  0.64851440E+00
  0.18554688E+00  0.64148101E+00
  0.18750000E+00  0.63439328E+00
  0.18945312E+00  0.62725182E+00
  0.19140625E+00  0.62005721E+00
  0.19335938E+00  0.61281008E+00
  0.19531250E+00  0.60551104E+00
  0.19726562E+00  0.59816071E+00
  0.19921875E+00  0.59075970E+00
  0.20117188E+00  0.58330865E+00
  0.20312500E+00  0.57580819E+00
  0.20507812E+00  0.56825895E+00
  0.20703125E+00  0.56066158E+00
  0.20898438E+00  0.55301671E+00
  0.21093750E+00  0.54532499E+00
  0.21289062E+00  0.53758708E+00
  0.21484375E+00  0.52980362E+00
  0.21679688E+00  0.52197529E+00
  0.21875000E+00  0.51410274E+00
  0.22070312E+00  0.50618665E+00
  0.22265625E+00  0.49822767E+00
  0.22460938E+00  0.49022648E+00
  0.22656250E+00  0.48218377E+00
  0.22851562E+00  0.47410021E+00
  0.23046875E+00  0.46597650E+00
  0.23242188E+00  0.45781330E+00
  0.23437500E+00  0.44961133E+00
  0.23632812E+00  0.44137127E+00
  0.23828125E+00  0.43309382E+00
  0.24023438E+00  0.42477968E+00
  0.24218750E+00  0.41642956E+00
  0.24414062E+00  0.40804416E+00
  0.24609375E+00  0.39962420E+00
  0.24804688E+00  0.39117038E+00
  0.25000000E+00  0.38268343E+00
  0.25195312E+00  0.37416406E+00
  0.25390625E+00  0.36561300E+00
  0.25585938E+00  0.35703096E+00
  0.25781250E+00  0.34841868E+00
  0.25976562E+00  0.33977688E+00
  0.26171875E+00  0.33110631E+00
  0.26367188E+00  0.32240768E+00
  0.26562500E+00  0.31368174E+00
  0.26757812E+00  0.30492923E+00
  0.26953125E+00  0.29615089E+00
  0.27148438E+00  0.28734746E+00
  0.27343750E+00  0.27851969E+00
  0.27539062E+00  0.26966833E+00
  0.27734375E+00  0.26079412E+00
  0.27929688E+00  0.25189782E+00
  0.28125000E+00  0.24298018E+00
  0.28320312E+00  0.23404196E+00
  0.28515625E+00  0.22508391E+00
  0.28710938E+00  0.21610680E+00
  0.28906250E+00  0.20711138E+00
  0.29101562E+00  0.19809841E+00
  0.29296875E+00  0.18906866E+00
  0.29492188E+00  0.18002290E+00
  0.29687500E+00  0.17096189E+00
  0.29882812E+00  0.16188639E+00
  0.30078125E+00  0.15279719E+00
  0.30273438E+00  0.14369503E+00
  0.30468750E+00  0.13458071E+00
  0.30664062E+00  0.12545498E+00
  0.30859375E+00  0.11631863E+00
  0.31054688E+00  0.10717242E+00
  0.31250000E+00  0.98017140E-01
  0.31445312E+00  0.88853553E-01
  0.31640625E+00  0.79682438E-01
  0.31835938E+00  0.70504573E-01
  0.32031250E+00  0.61320736E-01
  0.32226562E+00  0.52131705E-01
  0.32421875E+00  0.42938257E-01
  0.32617188E+00  0.33741172E-01
  0.32812500E+00  0.24541229E-01
  0.33007812E+00  0.15339206E-01
  0.33203125E+00  0.61358847E-02
  0.33398438E+00 -0.30679568E-02
  0.33593750E+00 -0.12271538E-01
  0.33789062E+00 -0.21474080E-01
  0.33984375E+00 -0.30674803E-01
  0.34179688E+00 -0.39872928E-01
  0.34375000E+00 -0.49067674E-01
  0.34570312E+00 -0.58258264E-01
  0.34765625E+00 -0.67443920E-01
  0.34960938E+00 -0.76623861E-01
  0.35156250E+00 -0.85797312E-01
  0.35351562E+00 -0.94963495E-01
  0.35546875E+00 -0.10412163E+00
  0.35742188E+00 -0.11327095E+00
  0.35937500E+00 -0.12241068E+00
  0.36132812E+00 -0.13154003E+00
  0.36328125E+00 -0.14065824E+00
  0.36523438E+00 -0.14976453E+00
  0.36718750E+00 -0.15885814E+00
  0.36914062E+00 -0.16793829E+00
  0.37109375E+00 -0.17700422E+00
  0.37304688E+00 -0.18605515E+00
  0.37500000E+00 -0.19509032E+00
  0.37695312E+00 -0.20410897E+00
  0.37890625E+00 -0.21311032E+00
  0.38085938E+00 -0.22209362E+00
  0.38281250E+00 -0.23105811E+00
  0.38476562E+00 -0.24000302E+00
  0.38671875E+00 -0.24892761E+00
  0.38867188E+00 -0.25783110E+00
  0.39062500E+00 -0.26671276E+00
  0.39257812E+00 -0.27557182E+00
  0.39453125E+00 -0.28440754E+00
  0.39648438E+00 -0.29321916E+00
  0.39843750E+00 -0.30200595E+00
  0.40039062E+00 -0.31076715E+00
  0.40234375E+00 -0.31950203E+00
  0.40429688E+00 -0.32820984E+00
  0.40625000E+00 -0.33688985E+00
  0.40820312E+00 -0.34554132E+00
  0.41015625E+00 -0.35416353E+00
  0.41210938E+00 -0.36275572E+00
  0.41406250E+00 -0.37131719E+00
  0.41601562E+00 -0.37984721E+00
  0.41796875E+00 -0.38834505E+00
  0.41992188E+00 -0.39680999E+00
  0.42187500E+00 -0.40524131E+00
  0.42382812E+00 -0.41363831E+00
  0.42578125E+00 -0.42200027E+00
  0.42773438E+00 -0.43032648E+00
  0.42968750E+00 -0.43861624E+00
  0.43164062E+00 -0.44686884E+00
  0.43359375E+00 -0.45508359E+00
  0.43554688E+00 -0.46325978E+00
  0.43750000E+00 -0.47139674E+00
  0.43945312E+00 -0.47949376E+00
  0.44140625E+00 -0.48755016E+00
  0.44335938E+00 -0.49556526E+00
  0.44531250E+00 -0.50353838E+00
  0.44726562E+00 -0.51146885E+00
  0.44921875E+00 -0.51935599E+00
  0.45117188E+00 -0.52719913E+00
  0.45312500E+00 -0.53499762E+00
  0.45507812E+00 -0.54275078E+00
  0.45703125E+00 -0.55045797E+00
  0.45898438E+00 -0.55811853E+00
  0.46093750E+00 -0.56573181E+00
  0.46289062E+00 -0.57329717E+00
  0.46484375E+00 -0.58081396E+00
  0.46679688E+00 -0.58828155E+00
  0.46875000E+00 -0.59569930E+00
  0.47070312E+00 -0.60306660E+00
  0.47265625E+00 -0.61038281E+00
  0.47460938E+00 -0.61764731E+00
  0.47656250E+00 -0.62485949E+00
  0.47851562E+00 -0.63201874E+00
  0.48046875E+00 -0.63912444E+00
  0.48242188E+00 -0.64617601E+00
  0.48437500E+00 -0.65317284E+00
  0.48632812E+00 -0.66011434E+00
  0.48828125E+00 -0.66699992E+00
  0.49023438E+00 -0.67382900E+00
  0.49218750E+00 -0.68060100E+00
  0.49414062E+00 -0.68731534E+00
  0.49609375E+00 -0.69397146E+00
  0.49804688E+00 -0.70056879E+00
  0.50000000E+00 -0.70710678E+00
  0.50195312E+00 -0.71358487E+00
  0.50390625E+00 -0.72000251E+00
  0.50585938E+00 -0.72635916E+00
  0.50781250E+00 -0.73265427E+00
  0.50976562E+00 -0.73888732E+00
  0.51171875E+00 -0.74505779E+00
  0.51367188E+00 -0.75116513E+00
  0.51562500E+00 -0.75720885E+00
  0.51757812E+00 -0.76318842E+00
  0.51953125E+00 -0.76910334E+00
  0.52148438E+00 -0.77495311E+00
  0.52343750E+00 -0.78073723E+00
  0.52539062E+00 -0.78645521E+00
  0.52734375E+00 -0.79210658E+00
  0.52929688E+00 -0.79769084E+00
  0.53125000E+00 -0.80320753E+00
  0.53320312E+00 -0.80865618E+00
  0.53515625E+00 -0.81403633E+00
  0.53710938E+00 -0.81934752E+00
  0.53906250E+00 -0.82458930E+00
  0.54101562E+00 -0.82976123E+00
  0.54296875E+00 -0.83486287E+00
  0.54492188E+00 -0.83989379E+00
  0.54687500E+00 -0.84485357E+00
  0.54882812E+00 -0.84974177E+00
  0.55078125E+00 -0.85455799E+00
  0.55273438E+00 -0.85930182E+00
  0.55468750E+00 -0.86397286E+00
  0.55664062E+00 -0.86857071E+00
  0.55859375E+00 -0.87309498E+00
  0.56054688E+00 -0.87754529E+00
  0.56250000E+00 -0.88192126E+00
  0.56445312E+00 -0.88622253E+00
  0.56640625E+00 -0.89044872E+00
  0.56835938E+00 -0.89459949E+00
  0.57031250E+00 -0.89867447E+00
  0.57226562E+00 -0.90267332E+00
  0.57421875E+00 -0.90659570E+00
  0.57617188E+00 -0.91044129E+00
  0.57812500E+00 -0.91420976E+00
  0.58007812E+00 -0.91790078E+00
  0.58203125E+00 -0.92151404E+00
  0.58398438E+00 -0.92504924E+00
  0.58593750E+00 -0.92850608E+00
  0.58789062E+00 -0.93188427E+00
  0.58984375E+00 -0.93518351E+00
  0.59179688E+00 -0.93840353E+00
  0.59375000E+00 -0.94154407E+00
  0.59570312E+00 -0.94460484E+00
  0.59765625E+00 -0.94758559E+00
  0.59960938E+00 -0.95048607E+00
  0.60156250E+00 -0.95330604E+00
  0.60351562E+00 -0.95604525E+00
  0.60546875E+00 -0.95870347E+00
  0.60742188E+00 -0.96128049E+00
  0.60937500E+00 -0.96377607E+00
  0.61132812E+00 -0.96619000E+00
  0.61328125E+00 -0.96852209E+00
  0.61523438E+00 -0.97077214E+00
  0.61718750E+00 -0.97293995E+00
  0.61914062E+00 -0.97502535E+00
  0.62109375E+00 -0.97702814E+00
  0.62304688E+00 -0.97894818E+00
  0.62500000E+00 -0.98078528E+00
  0.62695312E+00 -0.98253930E+00
  0.62890625E+00 -0.98421009E+00
  0.63085938E+00 -0.98579751E+00
  0.63281250E+00 -0.98730142E+00
  0.63476562E+00 -0.98872169E+00
  0.63671875E+00 -0.99005821E+00
  0.63867188E+00 -0.99131086E+00
  0.64062500E+00 -0.99247953E+00
  0.64257812E+00 -0.99356414E+00
  0.64453125E+00 -0.99456457E+00
  0.64648438E+00 -0.99548076E+00
  0.64843750E+00 -0.99631261E+00
  0.65039062E+00 -0.99706007E+00
  0.65234375E+00 -0.99772307E+00
  0.65429688E+00 -0.99830154E+00
  0.65625000E+00 -0.99879546E+00
  0.65820312E+00 -0.99920476E+00
  0.66015625E+00 -0.99952942E+00
  0.66210938E+00 -0.99976941E+00
  0.66406250E+00 -0.99992470E+00
  0.66601562E+00 -0.99999529E+00
  0.66796875E+00 -0.99998118E+00
  0.66992188E+00 -0.99988235E+00
  0.67187500E+00 -0.99969882E+00
  0.67382812E+00 -0.99943060E+00
  0.67578125E+00 -0.99907773E+00
  0.67773438E+00 -0.99864022E+00
  0.67968750E+00 -0.99811811E+00
  0.68164062E+00 -0.99751146E+00
  0.68359375E+00 -0.99682030E+00
  0.68554688E+00 -0.99604470E+00
  0.68750000E+00 -0.99518473E+00
  0.68945312E+00 -0.99424045E+00
  0.69140625E+00 -0.99321195E+00
  0.69335938E+00 -0.99209931E+00
  0.69531250E+00 -0.99090264E+00
  0.69726562E+00 -0.98962202E+00
  0.69921875E+00 -0.98825757E+00
  0.70117188E+00 -0.98680940E+00
  0.70312500E+00 -0.98527764E+00
  0.70507812E+00 -0.98366242E+00
  0.70703125E+00 -0.98196387E+00
  0.70898438E+00 -0.98018214E+00
  0.71093750E+00 -0.97831737E+00
  0.71289062E+00 -0.97636973E+00
  0.71484375E+00 -0.97433938E+00
  0.71679688E+00 -0.97222650E+00
  0.71875000E+00 -0.97003125E+00
  0.72070312E+00 -0.96775384E+00
  0.72265625E+00 -0.96539444E+00
  0.72460938E+00 -0.96295327E+00
  0.72656250E+00 -0.96043052E+00
  0.72851562E+00 -0.95782641E+00
  0.73046875E+00 -0.95514117E+00
  0.73242188E+00 -0.95237501E+00
  0.73437500E+00 -0.94952818E+00
  0.73632812E+00 -0.94660091E+00
  0.73828125E+00 -0.94359346E+00
  0.74023438E+00 -0.94050607E+00
  0.74218750E+00 -0.93733901E+00
  0.74414062E+00 -0.93409255E+00
  0.74609375E+00 -0.93076696E+00
  0.74804688E+00 -0.92736253E+00
  0.75000000E+00 -0.92387953E+00
  0.75195312E+00 -0.92031828E+00
  0.75390625E+00 -0.91667906E+00
  0.75585938E+00 -0.91296219E+00
  0.75781250E+00 -0.90916798E+00
  0.75976562E+00 -0.90529676E+00
  0.76171875E+00 -0.90134885E+00
  0.76367188E+00 -0.89732458E+00
  0.76562500E+00 -0.89322430E+00
  0.76757812E+00 -0.88904836E+00
  0.76953125E+00 -0.88479710E+00
  0.77148438E+00 -0.88047089E+00
  0.77343750E+00 -0.87607009E+00
  0.77539062E+00 -0.87159509E+00
  0.77734375E+00 -0.86704625E+00
  0.77929688E+00 -0.86242396E+00
  0.78125000E+00 -0.85772861E+00
  0.78320312E+00 -0.85296060E+00
  0.78515625E+00 -0.84812034E+00
  0.78710938E+00 -0.84320824E+00
  0.78906250E+00 -0.83822471E+00
  0.79101562E+00 -0.83317016E+00
  0.79296875E+00 -0.82804505E+00
  0.79492188E+00 -0.82284978E+00
  0.79687500E+00 -0.81758481E+00
  0.79882812E+00 -0.81225059E+00
  0.80078125E+00 -0.80684755E+00
  0.80273438E+00 -0.80137617E+00
  0.80468750E+00 -0.79583690E+00
  0.80664062E+00 -0.79023022E+00
  0.80859375E+00 -0.78455660E+00
  0.81054688E+00 -0.77881651E+00
  0.81250000E+00 -0.77301045E+00
  0.81445312E+00 -0.76713891E+00
  0.81640625E+00 -0.76120239E+00
  0.81835938E+00 -0.75520138E+00
  0.82031250E+00 -0.74913639E+00
  0.82226562E+00 -0.74300795E+00
  0.82421875E+00 -0.73681657E+00
  0.82617188E+00 -0.73056277E+00
  0.82812500E+00 -0.72424708E+00
  0.83007812E+00 -0.71787005E+00
  0.83203125E+00 -0.71143220E+00
  0.83398438E+00 -0.70493408E+00
  0.83593750E+00 -0.69837625E+00
  0.83789062E+00 -0.69175926E+00
  0.83984375E+00 -0.68508367E+00
  0.84179688E+00 -0.67835004E+00
  0.84375000E+00 -0.67155895E+00
  0.84570312E+00 -0.66471098E+00
  0.84765625E+00 -0.65780669E+00
  0.84960938E+00 -0.65084668E+00
  0.85156250E+00 -0.64383154E+00
  0.85351562E+00 -0.63676186E+00
  0.85546875E+00 -0.62963824E+00
  0.85742188E+00 -0.62246128E+00
  0.85937500E+00 -0.61523159E+00
  0.86132812E+00 -0.60794978E+00
  0.86328125E+00 -0.60061648E+00
  0.86523438E+00 -0.59323230E+00
  0.86718750E+00 -0.58579786E+00
  0.86914062E+00 -0.57831380E+00
  0.87109375E+00 -0.57078075E+00
  0.87304688E+00 -0.56319934E+00
  0.87500000E+00 -0.55557023E+00
  0.87695312E+00 -0.54789406E+00
  0.87890625E+00 -0.54017147E+00
  0.88085938E+00 -0.53240313E+00
  0.88281250E+00 -0.52458968E+00
  0.88476562E+00 -0.51673180E+00
  0.88671875E+00 -0.50883014E+00
  0.88867188E+00 -0.50088538E+00
  0.89062500E+00 -0.49289819E+00
  0.89257812E+00 -0.48486925E+00
  0.89453125E+00 -0.47679923E+00
  0.89648438E+00 -0.46868882E+00
  0.89843750E+00 -0.46053871E+00
  0.90039062E+00 -0.45234959E+00
  0.90234375E+00 -0.44412214E+00
  0.90429688E+00 -0.43585708E+00
  0.90625000E+00 -0.42755509E+00
  0.90820312E+00 -0.41921689E+00
  0.91015625E+00 -0.41084317E+00
  0.91210938E+00 -0.40243465E+00
  0.91406250E+00 -0.39399204E+00
  0.91601562E+00 -0.38551605E+00
  0.91796875E+00 -0.37700741E+00
  0.91992188E+00 -0.36846683E+00
  0.92187500E+00 -0.35989504E+00
  0.92382812E+00 -0.35129276E+00
  0.92578125E+00 -0.34266072E+00
  0.92773438E+00 -0.33399965E+00
  0.92968750E+00 -0.32531029E+00
  0.93164062E+00 -0.31659338E+00
  0.93359375E+00 -0.30784964E+00
  0.93554688E+00 -0.29907983E+00
  0.93750000E+00 -0.29028468E+00
  0.93945312E+00 -0.28146494E+00
  0.94140625E+00 -0.27262136E+00
  0.94335938E+00 -0.26375468E+00
  0.94531250E+00 -0.25486566E+00
  0.94726562E+00 -0.24595505E+00
  0.94921875E+00 -0.23702361E+00
  0.95117188E+00 -0.22807208E+00
  0.95312500E+00 -0.21910124E+00
  0.95507812E+00 -0.21011184E+00
  0.95703125E+00 -0.20110463E+00
  0.95898438E+00 -0.19208040E+00
  0.96093750E+00 -0.18303989E+00
  0.96289062E+00 -0.17398387E+00
  0.96484375E+00 -0.16491312E+00
  0.96679688E+00 -0.15582840E+00
  0.96875000E+00 -0.14673047E+00
  0.97070312E+00 -0.13762012E+00
  0.97265625E+00 -0.12849811E+00
  0.97460938E+00 -0.11936521E+00
  0.97656250E+00 -0.11022221E+00
  0.97851562E+00 -0.10106986E+00
  0.98046875E+00 -0.91908956E-01
  0.98242188E+00 -0.82740265E-01
  0.98437500E+00 -0.73564564E-01
  0.98632812E+00 -0.64382631E-01
  0.98828125E+00 -0.55195244E-01
  0.99023438E+00 -0.46003182E-01
  0.99218750E+00 -0.36807223E-01
  0.99414062E+00 -0.27608146E-01
  0.99609375E+00 -0.18406730E-01
  0.99804688E+00 -0.92037548E-02