  0.49714987E+00 -0.20182013E+00
  0.19611988E+00 -0.20182013E+00
 -0.10491012E+00  0.26460123E+00
 -0.40594011E+00  0.56651069E-01
 -0.70697011E+00 -0.66524003E+00
 -0.10080001E+01 -0.12899192E+01
 -0.13090301E+01 -0.18973109E+01
 -0.16100601E+01 -0.25006851E+01
 -0.19110901E+01 -0.31030725E+01
 -0.22121201E+01 -0.37052143E+01
 -0.25131501E+01 -0.43072947E+01
 -0.28141801E+01 -0.49093598E+01
 -0.31152101E+01 -0.55114211E+01
 -0.34162401E+01 -0.61134814E+01
 -0.37172701E+01 -0.67155415E+01
 -0.40183001E+01 -0.73176015E+01
 -0.43193301E+01 -0.79196612E+01
 -0.46203601E+01 -0.85217205E+01
 -0.49213900E+01 -0.91237854E+01
 -0.52224200E+01 -0.97258215E+01
 -0.55234500E+01 -0.10327829E+02
 -0.58244800E+01 -0.10929891E+02
 -0.61255100E+01 -0.11531377E+02
 -0.64265400E+01 -0.12174128E+02
 -0.67275700E+01 -0.12430843E+02

