  0.49714987E+00  0.10143284E+01
  0.19611988E+00  0.41226837E+00
 -0.10491012E+00 -0.18979162E+00
 -0.40594011E+00 -0.79185161E+00
 -0.70697011E+00 -0.13939116E+01
 -0.10080001E+01 -0.19959716E+01
 -0.13090301E+01 -0.25980316E+01
 -0.16100601E+01 -0.32000916E+01
 -0.19110901E+01 -0.38021516E+01
 -0.22121201E+01 -0.44042116E+01
 -0.25131501E+01 -0.50062715E+01
 -0.28141801E+01 -0.56083316E+01
 -0.31152101E+01 -0.62103916E+01
 -0.34162401E+01 -0.68124511E+01
 -0.37172701E+01 -0.74145115E+01
 -0.40183001E+01 -0.80165853E+01
 -0.43193301E+01 -0.86185766E+01
 -0.46203601E+01 -0.92198296E+01
 -0.49213900E+01 -0.98228120E+01
 -0.52224200E+01 -0.10413610E+02
 -0.55234500E+01 -0.10954173E+02
 -0.58244800E+01 -0.12805987E+02
 -0.61255100E+01 -0.11075792E+02
 -0.64265400E+01 -0.11113381E+02
 -0.67275700E+01 -0.12671289E+02

