(2)
  0.49714987E+00  0.10143284E+01
  0.19611988E+00  0.41226837E+00
 -0.10491012E+00 -0.18979162E+00
 -0.40594011E+00 -0.79185161E+00
 -0.70697011E+00 -0.13939116E+01
 -0.10080001E+01 -0.19959716E+01
 -0.13090301E+01 -0.25980316E+01
 -0.16100601E+01 -0.32000916E+01
 -0.19110901E+01 -0.38021516E+01
 -0.22121201E+01 -0.44042116E+01
 -0.25131501E+01 -0.50062715E+01
 -0.28141801E+01 -0.56083316E+01
 -0.31152101E+01 -0.62103916E+01
 -0.34162401E+01 -0.68124511E+01
 -0.37172701E+01 -0.74145115E+01
 -0.40183001E+01 -0.80165853E+01
 -0.43193301E+01 -0.86185766E+01
 -0.46203601E+01 -0.92198296E+01
 -0.49213900E+01 -0.98228120E+01
 -0.52224200E+01 -0.10413610E+02
 -0.55234500E+01 -0.10954173E+02
 -0.58244800E+01 -0.12805987E+02
 -0.61255100E+01 -0.11075792E+02
 -0.64265400E+01 -0.11113381E+02
 -0.67275700E+01 -0.12671289E+02
(3)
  0.49714987E+00 -0.31366548E+00
  0.19611988E+00 -0.12437104E+01
 -0.10491012E+00 -0.31797125E+01
 -0.40594011E+00 -0.40081743E+01
 -0.70697011E+00 -0.46084373E+01
 -0.10080001E+01 -0.52104383E+01
 -0.13090301E+01 -0.58124836E+01
 -0.16100601E+01 -0.64145399E+01
 -0.19110901E+01 -0.70165989E+01
 -0.22121201E+01 -0.76186587E+01
 -0.25131501E+01 -0.82207185E+01
 -0.28141801E+01 -0.88227790E+01
 -0.31152101E+01 -0.94248415E+01
 -0.34162401E+01 -0.10026875E+02
 -0.37172701E+01 -0.10628848E+02
 -0.40183001E+01 -0.11231676E+02
 -0.43193301E+01 -0.11825093E+02
 -0.46203601E+01 -0.12415263E+02
 -0.49213900E+01 -0.12964251E+02
 -0.52224200E+01 -0.13954590E+02
 -0.55234500E+01 -0.13288072E+02
 -0.58244800E+01 -0.12844000E+02
 -0.61255100E+01 -0.12945139E+02
 -0.64265400E+01 -0.12944290E+02
 -0.67275700E+01 -0.12928465E+02
(4)
  0.49714987E+00 -0.20182013E+00
  0.19611988E+00 -0.20182013E+00
 -0.10491012E+00  0.26460123E+00
 -0.40594011E+00  0.56651069E-01
 -0.70697011E+00 -0.66524003E+00
 -0.10080001E+01 -0.12899192E+01
 -0.13090301E+01 -0.18973109E+01
 -0.16100601E+01 -0.25006851E+01
 -0.19110901E+01 -0.31030725E+01
 -0.22121201E+01 -0.37052143E+01
 -0.25131501E+01 -0.43072947E+01
 -0.28141801E+01 -0.49093598E+01
 -0.31152101E+01 -0.55114211E+01
 -0.34162401E+01 -0.61134814E+01
 -0.37172701E+01 -0.67155415E+01
 -0.40183001E+01 -0.73176015E+01
 -0.43193301E+01 -0.79196612E+01
 -0.46203601E+01 -0.85217205E+01
 -0.49213900E+01 -0.91237854E+01
 -0.52224200E+01 -0.97258215E+01
 -0.55234500E+01 -0.10327829E+02
 -0.58244800E+01 -0.10929891E+02
 -0.61255100E+01 -0.11531377E+02
 -0.64265400E+01 -0.12174128E+02
 -0.67275700E+01 -0.12430843E+02
