 -0.99804688E+00  0.87434401E-02
 -0.99609375E+00  0.17486291E-01
 -0.99414062E+00  0.26227962E-01
 -0.99218750E+00  0.34967865E-01
 -0.99023438E+00  0.43705410E-01
 -0.98828125E+00  0.52440008E-01
 -0.98632812E+00  0.61171070E-01
 -0.98437500E+00  0.69898007E-01
 -0.98242188E+00  0.78620231E-01
 -0.98046875E+00  0.87337154E-01
 -0.97851562E+00  0.96048187E-01
 -0.97656250E+00  0.10475274E+00
 -0.97460938E+00  0.11345024E+00
 -0.97265625E+00  0.12214008E+00
 -0.97070312E+00  0.13082169E+00
 -0.96875000E+00  0.13949448E+00
 -0.96679688E+00  0.14815786E+00
 -0.96484375E+00  0.15681125E+00
 -0.96289062E+00  0.16545406E+00
 -0.96093750E+00  0.17408572E+00
 -0.95898438E+00  0.18270564E+00
 -0.95703125E+00  0.19131324E+00
 -0.95507812E+00  0.19990794E+00
 -0.95312500E+00  0.20848917E+00
 -0.95117188E+00  0.21705633E+00
 -0.94921875E+00  0.22560885E+00
 -0.94726562E+00  0.23414617E+00
 -0.94531250E+00  0.24266769E+00
 -0.94335938E+00  0.25117286E+00
 -0.94140625E+00  0.25966108E+00
 -0.93945312E+00  0.26813180E+00
 -0.93750000E+00  0.27658444E+00
 -0.93554688E+00  0.28501842E+00
 -0.93359375E+00  0.29343319E+00
 -0.93164062E+00  0.30182817E+00
 -0.92968750E+00  0.31020280E+00
 -0.92773438E+00  0.31855651E+00
 -0.92578125E+00  0.32688875E+00
 -0.92382812E+00  0.33519894E+00
 -0.92187500E+00  0.34348652E+00
 -0.91992188E+00  0.35175095E+00
 -0.91796875E+00  0.35999166E+00
 -0.91601562E+00  0.36820809E+00
 -0.91406250E+00  0.37639970E+00
 -0.91210938E+00  0.38456592E+00
 -0.91015625E+00  0.39270622E+00
 -0.90820312E+00  0.40082003E+00
 -0.90625000E+00  0.40890682E+00
 -0.90429688E+00  0.41696603E+00
 -0.90234375E+00  0.42499713E+00
 -0.90039062E+00  0.43299957E+00
 -0.89843750E+00  0.44097281E+00
 -0.89648438E+00  0.44891632E+00
 -0.89453125E+00  0.45682956E+00
 -0.89257812E+00  0.46471199E+00
 -0.89062500E+00  0.47256309E+00
 -0.88867188E+00  0.48038232E+00
 -0.88671875E+00  0.48816916E+00
 -0.88476562E+00  0.49592309E+00
 -0.88281250E+00  0.50364357E+00
 -0.88085938E+00  0.51133009E+00
 -0.87890625E+00  0.51898214E+00
 -0.87695312E+00  0.52659919E+00
 -0.87500000E+00  0.53418073E+00
 -0.87304688E+00  0.54172625E+00
 -0.87109375E+00  0.54923524E+00
 -0.86914062E+00  0.55670720E+00
 -0.86718750E+00  0.56414162E+00
 -0.86523438E+00  0.57153800E+00
 -0.86328125E+00  0.57889584E+00
 -0.86132812E+00  0.58621464E+00
 -0.85937500E+00  0.59349392E+00
 -0.85742188E+00  0.60073318E+00
 -0.85546875E+00  0.60793193E+00
 -0.85351562E+00  0.61508969E+00
 -0.85156250E+00  0.62220597E+00
 -0.84960938E+00  0.62928029E+00
 -0.84765625E+00  0.63631219E+00
 -0.84570312E+00  0.64330118E+00
 -0.84375000E+00  0.65024679E+00
 -0.84179688E+00  0.65714855E+00
 -0.83984375E+00  0.66400600E+00
 -0.83789062E+00  0.67081868E+00
 -0.83593750E+00  0.67758613E+00
 -0.83398438E+00  0.68430788E+00
 -0.83203125E+00  0.69098349E+00
 -0.83007812E+00  0.69761251E+00
 -0.82812500E+00  0.70419449E+00
 -0.82617188E+00  0.71072899E+00
 -0.82421875E+00  0.71721556E+00
 -0.82226562E+00  0.72365377E+00
 -0.82031250E+00  0.73004319E+00
 -0.81835938E+00  0.73638337E+00
 -0.81640625E+00  0.74267391E+00
 -0.81445312E+00  0.74891436E+00
 -0.81250000E+00  0.75510432E+00
 -0.81054688E+00  0.76124335E+00
 -0.80859375E+00  0.76733106E+00
 -0.80664062E+00  0.77336703E+00
 -0.80468750E+00  0.77935085E+00
 -0.80273438E+00  0.78528211E+00
 -0.80078125E+00  0.79116043E+00
 -0.79882812E+00  0.79698540E+00
 -0.79687500E+00  0.80275663E+00
 -0.79492188E+00  0.80847372E+00
 -0.79296875E+00  0.81413630E+00
 -0.79101562E+00  0.81974399E+00
 -0.78906250E+00  0.82529640E+00
 -0.78710938E+00  0.83079316E+00
 -0.78515625E+00  0.83623390E+00
 -0.78320312E+00  0.84161825E+00
 -0.78125000E+00  0.84694585E+00
 -0.77929688E+00  0.85221634E+00
 -0.77734375E+00  0.85742937E+00
 -0.77539062E+00  0.86258458E+00
 -0.77343750E+00  0.86768163E+00
 -0.77148438E+00  0.87272017E+00
 -0.76953125E+00  0.87769986E+00
 -0.76757812E+00  0.88262037E+00
 -0.76562500E+00  0.88748137E+00
 -0.76367188E+00  0.89228252E+00
 -0.76171875E+00  0.89702350E+00
 -0.75976562E+00  0.90170400E+00
 -0.75781250E+00  0.90632369E+00
 -0.75585938E+00  0.91088228E+00
 -0.75390625E+00  0.91537944E+00
 -0.75195312E+00  0.91981488E+00
 -0.75000000E+00  0.92418829E+00
 -0.74804688E+00  0.92849939E+00
 -0.74609375E+00  0.93274788E+00
 -0.74414062E+00  0.93693347E+00
 -0.74218750E+00  0.94105589E+00
 -0.74023438E+00  0.94511485E+00
 -0.73828125E+00  0.94911008E+00
 -0.73632812E+00  0.95304131E+00
 -0.73437500E+00  0.95690828E+00
 -0.73242188E+00  0.96071073E+00
 -0.73046875E+00  0.96444839E+00
 -0.72851562E+00  0.96812103E+00
 -0.72656250E+00  0.97172838E+00
 -0.72460938E+00  0.97527021E+00
 -0.72265625E+00  0.97874627E+00
 -0.72070312E+00  0.98215634E+00
 -0.71875000E+00  0.98550018E+00
 -0.71679688E+00  0.98877757E+00
 -0.71484375E+00  0.99198829E+00
 -0.71289062E+00  0.99513212E+00
 -0.71093750E+00  0.99820884E+00
 -0.70898438E+00  0.10012183E+01
 -0.70703125E+00  0.10041602E+01
 -0.70507812E+00  0.10070344E+01
 -0.70312500E+00  0.10098406E+01
 -0.70117188E+00  0.10125788E+01
 -0.69921875E+00  0.10152488E+01
 -0.69726562E+00  0.10178502E+01
 -0.69531250E+00  0.10203830E+01
 -0.69335938E+00  0.10228471E+01
 -0.69140625E+00  0.10252421E+01
 -0.68945312E+00  0.10275680E+01
 -0.68750000E+00  0.10298247E+01
 -0.68554688E+00  0.10320119E+01
 -0.68359375E+00  0.10341295E+01
 -0.68164062E+00  0.10361773E+01
 -0.67968750E+00  0.10381553E+01
 -0.67773438E+00  0.10400633E+01
 -0.67578125E+00  0.10419012E+01
 -0.67382812E+00  0.10436688E+01
 -0.67187500E+00  0.10453660E+01
 -0.66992188E+00  0.10469928E+01
 -0.66796875E+00  0.10485489E+01
 -0.66601562E+00  0.10500344E+01
 -0.66406250E+00  0.10514490E+01
 -0.66210938E+00  0.10527928E+01
 -0.66015625E+00  0.10540655E+01
 -0.65820312E+00  0.10552672E+01
 -0.65625000E+00  0.10563977E+01
 -0.65429688E+00  0.10574570E+01
 -0.65234375E+00  0.10584450E+01
 -0.65039062E+00  0.10593616E+01
 -0.64843750E+00  0.10602068E+01
 -0.64648438E+00  0.10609805E+01
 -0.64453125E+00  0.10616826E+01
 -0.64257812E+00  0.10623132E+01
 -0.64062500E+00  0.10628721E+01
 -0.63867188E+00  0.10633594E+01
 -0.63671875E+00  0.10637749E+01
 -0.63476562E+00  0.10641187E+01
 -0.63281250E+00  0.10643908E+01
 -0.63085938E+00  0.10645911E+01
 -0.62890625E+00  0.10647196E+01
 -0.62695312E+00  0.10647763E+01
 -0.62500000E+00  0.10647613E+01
 -0.62304688E+00  0.10646744E+01
 -0.62109375E+00  0.10645157E+01
 -0.61914062E+00  0.10642853E+01
 -0.61718750E+00  0.10639831E+01
 -0.61523438E+00  0.10636091E+01
 -0.61328125E+00  0.10631634E+01
 -0.61132812E+00  0.10626461E+01
 -0.60937500E+00  0.10620571E+01
 -0.60742188E+00  0.10613964E+01
 -0.60546875E+00  0.10606642E+01
 -0.60351562E+00  0.10598605E+01
 -0.60156250E+00  0.10589853E+01
 -0.59960938E+00  0.10580387E+01
 -0.59765625E+00  0.10570208E+01
 -0.59570312E+00  0.10559316E+01
 -0.59375000E+00  0.10547712E+01
 -0.59179688E+00  0.10535396E+01
 -0.58984375E+00  0.10522370E+01
 -0.58789062E+00  0.10508635E+01
 -0.58593750E+00  0.10494191E+01
 -0.58398438E+00  0.10479040E+01
 -0.58203125E+00  0.10463182E+01
 -0.58007812E+00  0.10446618E+01
 -0.57812500E+00  0.10429350E+01
 -0.57617188E+00  0.10411379E+01
 -0.57421875E+00  0.10392705E+01
 -0.57226562E+00  0.10373331E+01
 -0.57031250E+00  0.10353258E+01
 -0.56835938E+00  0.10332486E+01
 -0.56640625E+00  0.10311017E+01
 -0.56445312E+00  0.10288854E+01
 -0.56250000E+00  0.10265996E+01
 -0.56054688E+00  0.10242446E+01
 -0.55859375E+00  0.10218206E+01
 -0.55664062E+00  0.10193277E+01
 -0.55468750E+00  0.10167660E+01
 -0.55273438E+00  0.10141358E+01
 -0.55078125E+00  0.10114371E+01
 -0.54882812E+00  0.10086703E+01
 -0.54687500E+00  0.10058355E+01
 -0.54492188E+00  0.10029328E+01
 -0.54296875E+00  0.99996255E+00
 -0.54101562E+00  0.99692484E+00
 -0.53906250E+00  0.99381991E+00
 -0.53710938E+00  0.99064796E+00
 -0.53515625E+00  0.98740922E+00
 -0.53320312E+00  0.98410389E+00
 -0.53125000E+00  0.98073221E+00
 -0.52929688E+00  0.97729439E+00
 -0.52734375E+00  0.97379068E+00
 -0.52539062E+00  0.97022130E+00
 -0.52343750E+00  0.96658650E+00
 -0.52148438E+00  0.96288653E+00
 -0.51953125E+00  0.95912163E+00
 -0.51757812E+00  0.95529205E+00
 -0.51562500E+00  0.95139806E+00
 -0.51367188E+00  0.94743991E+00
 -0.51171875E+00  0.94341788E+00
 -0.50976562E+00  0.93933224E+00
 -0.50781250E+00  0.93518325E+00
 -0.50585938E+00  0.93097121E+00
 -0.50390625E+00  0.92669639E+00
 -0.50195312E+00  0.92235909E+00
 -0.50000000E+00  0.91795959E+00
 -0.49804688E+00  0.91349819E+00
 -0.49609375E+00  0.90897519E+00
 -0.49414062E+00  0.90439091E+00
 -0.49218750E+00  0.89974564E+00
 -0.49023438E+00  0.89503970E+00
 -0.48828125E+00  0.89027340E+00
 -0.48632812E+00  0.88544708E+00
 -0.48437500E+00  0.88056105E+00
 -0.48242188E+00  0.87561564E+00
 -0.48046875E+00  0.87061120E+00
 -0.47851562E+00  0.86554804E+00
 -0.47656250E+00  0.86042652E+00
 -0.47460938E+00  0.85524699E+00
 -0.47265625E+00  0.85000978E+00
 -0.47070312E+00  0.84471526E+00
 -0.46875000E+00  0.83936378E+00
 -0.46679688E+00  0.83395570E+00
 -0.46484375E+00  0.82849139E+00
 -0.46289062E+00  0.82297121E+00
 -0.46093750E+00  0.81739554E+00
 -0.45898438E+00  0.81176476E+00
 -0.45703125E+00  0.80607923E+00
 -0.45507812E+00  0.80033935E+00
 -0.45312500E+00  0.79454551E+00
 -0.45117188E+00  0.78869809E+00
 -0.44921875E+00  0.78279748E+00
 -0.44726562E+00  0.77684410E+00
 -0.44531250E+00  0.77083833E+00
 -0.44335938E+00  0.76478058E+00
 -0.44140625E+00  0.75867126E+00
 -0.43945312E+00  0.75251079E+00
 -0.43750000E+00  0.74629957E+00
 -0.43554688E+00  0.74003804E+00
 -0.43359375E+00  0.73372660E+00
 -0.43164062E+00  0.72736568E+00
 -0.42968750E+00  0.72095572E+00
 -0.42773438E+00  0.71449715E+00
 -0.42578125E+00  0.70799040E+00
 -0.42382812E+00  0.70143590E+00
 -0.42187500E+00  0.69483411E+00
 -0.41992188E+00  0.68818547E+00
 -0.41796875E+00  0.68149042E+00
 -0.41601562E+00  0.67474942E+00
 -0.41406250E+00  0.66796292E+00
 -0.41210938E+00  0.66113138E+00
 -0.41015625E+00  0.65425527E+00
 -0.40820312E+00  0.64733503E+00
 -0.40625000E+00  0.64037114E+00
 -0.40429688E+00  0.63336408E+00
 -0.40234375E+00  0.62631431E+00
 -0.40039062E+00  0.61922230E+00
 -0.39843750E+00  0.61208854E+00
 -0.39648438E+00  0.60491351E+00
 -0.39453125E+00  0.59769769E+00
 -0.39257812E+00  0.59044156E+00
 -0.39062500E+00  0.58314562E+00
 -0.38867188E+00  0.57581036E+00
 -0.38671875E+00  0.56843628E+00
 -0.38476562E+00  0.56102386E+00
 -0.38281250E+00  0.55357362E+00
 -0.38085938E+00  0.54608604E+00
 -0.37890625E+00  0.53856165E+00
 -0.37695312E+00  0.53100093E+00
 -0.37500000E+00  0.52340442E+00
 -0.37304688E+00  0.51577261E+00
 -0.37109375E+00  0.50810602E+00
 -0.36914062E+00  0.50040517E+00
 -0.36718750E+00  0.49267058E+00
 -0.36523438E+00  0.48490277E+00
 -0.36328125E+00  0.47710226E+00
 -0.36132812E+00  0.46926958E+00
 -0.35937500E+00  0.46140525E+00
 -0.35742188E+00  0.45350982E+00
 -0.35546875E+00  0.44558380E+00
 -0.35351562E+00  0.43762774E+00
 -0.35156250E+00  0.42964217E+00
 -0.34960938E+00  0.42162763E+00
 -0.34765625E+00  0.41358465E+00
 -0.34570312E+00  0.40551379E+00
 -0.34375000E+00  0.39741559E+00
 -0.34179688E+00  0.38929059E+00
 -0.33984375E+00  0.38113934E+00
 -0.33789062E+00  0.37296239E+00
 -0.33593750E+00  0.36476029E+00
 -0.33398438E+00  0.35653359E+00
 -0.33203125E+00  0.34828285E+00
 -0.33007812E+00  0.33998206E+00
 -0.32812500E+00  0.33163240E+00
 -0.32617188E+00  0.32323508E+00
 -0.32421875E+00  0.31479130E+00
 -0.32226562E+00  0.30630228E+00
 -0.32031250E+00  0.29776924E+00
 -0.31835938E+00  0.28919340E+00
 -0.31640625E+00  0.28057600E+00
 -0.31445312E+00  0.27191827E+00
 -0.31250000E+00  0.26322146E+00
 -0.31054688E+00  0.25448681E+00
 -0.30859375E+00  0.24571560E+00
 -0.30664062E+00  0.23690906E+00
 -0.30468750E+00  0.22806848E+00
 -0.30273438E+00  0.21919512E+00
 -0.30078125E+00  0.21029026E+00
 -0.29882812E+00  0.20135517E+00
 -0.29687500E+00  0.19239114E+00
 -0.29492188E+00  0.18339946E+00
 -0.29296875E+00  0.17438142E+00
 -0.29101562E+00  0.16533832E+00
 -0.28906250E+00  0.15627146E+00
 -0.28710938E+00  0.14718213E+00
 -0.28515625E+00  0.13807166E+00
 -0.28320312E+00  0.12894133E+00
 -0.28125000E+00  0.11979248E+00
 -0.27929688E+00  0.11062641E+00
 -0.27734375E+00  0.10144444E+00
 -0.27539062E+00  0.92247889E-01
 -0.27343750E+00  0.83038081E-01
 -0.27148438E+00  0.73816337E-01
 -0.26953125E+00  0.64583985E-01
 -0.26757812E+00  0.55342351E-01
 -0.26562500E+00  0.46092762E-01
 -0.26367188E+00  0.36836549E-01
 -0.26171875E+00  0.27575042E-01
 -0.25976562E+00  0.18309571E-01
 -0.25781250E+00  0.90414688E-02
 -0.25585938E+00 -0.22793283E-03
 -0.25390625E+00 -0.94973017E-02
 -0.25195312E+00 -0.18765306E-01
 -0.25000000E+00 -0.28030612E-01
 -0.24804688E+00 -0.37291891E-01
 -0.24609375E+00 -0.46547809E-01
 -0.24414062E+00 -0.55797038E-01
 -0.24218750E+00 -0.65038247E-01
 -0.24023438E+00 -0.74270108E-01
 -0.23828125E+00 -0.83491295E-01
 -0.23632812E+00 -0.92700483E-01
 -0.23437500E+00 -0.10189635E+00
 -0.23242188E+00 -0.11107757E+00
 -0.23046875E+00 -0.12024282E+00
 -0.22851562E+00 -0.12939079E+00
 -0.22656250E+00 -0.13852017E+00
 -0.22460938E+00 -0.14762964E+00
 -0.22265625E+00 -0.15671789E+00
 -0.22070312E+00 -0.16578361E+00
 -0.21875000E+00 -0.17482551E+00
 -0.21679688E+00 -0.18384228E+00
 -0.21484375E+00 -0.19283263E+00
 -0.21289062E+00 -0.20179527E+00
 -0.21093750E+00 -0.21072890E+00
 -0.20898438E+00 -0.21963225E+00
 -0.20703125E+00 -0.22850402E+00
 -0.20507812E+00 -0.23734296E+00
 -0.20312500E+00 -0.24614779E+00
 -0.20117188E+00 -0.25491724E+00
 -0.19921875E+00 -0.26365005E+00
 -0.19726562E+00 -0.27234496E+00
 -0.19531250E+00 -0.28100074E+00
 -0.19335938E+00 -0.28961613E+00
 -0.19140625E+00 -0.29818989E+00
 -0.18945312E+00 -0.30672080E+00
 -0.18750000E+00 -0.31520762E+00
 -0.18554688E+00 -0.32364914E+00
 -0.18359375E+00 -0.33204415E+00
 -0.18164062E+00 -0.34039143E+00
 -0.17968750E+00 -0.34868979E+00
 -0.17773438E+00 -0.35693804E+00
 -0.17578125E+00 -0.36513498E+00
 -0.17382812E+00 -0.37327945E+00
 -0.17187500E+00 -0.38137026E+00
 -0.16992188E+00 -0.38940627E+00
 -0.16796875E+00 -0.39738631E+00
 -0.16601562E+00 -0.40530923E+00
 -0.16406250E+00 -0.41317390E+00
 -0.16210938E+00 -0.42097919E+00
 -0.16015625E+00 -0.42872397E+00
 -0.15820312E+00 -0.43640714E+00
 -0.15625000E+00 -0.44402758E+00
 -0.15429688E+00 -0.45158421E+00
 -0.15234375E+00 -0.45907593E+00
 -0.15039062E+00 -0.46650167E+00
 -0.14843750E+00 -0.47386037E+00
 -0.14648438E+00 -0.48115096E+00
 -0.14453125E+00 -0.48837239E+00
 -0.14257812E+00 -0.49552364E+00
 -0.14062500E+00 -0.50260367E+00
 -0.13867188E+00 -0.50961146E+00
 -0.13671875E+00 -0.51654601E+00
 -0.13476562E+00 -0.52340631E+00
 -0.13281250E+00 -0.53019140E+00
 -0.13085938E+00 -0.53690028E+00
 -0.12890625E+00 -0.54353199E+00
 -0.12695312E+00 -0.55008559E+00
 -0.12500000E+00 -0.55656013E+00
 -0.12304688E+00 -0.56295467E+00
 -0.12109375E+00 -0.56926831E+00
 -0.11914062E+00 -0.57550012E+00
 -0.11718750E+00 -0.58164923E+00
 -0.11523438E+00 -0.58771474E+00
 -0.11328125E+00 -0.59369578E+00
 -0.11132812E+00 -0.59959149E+00
 -0.10937500E+00 -0.60540102E+00
 -0.10742188E+00 -0.61112355E+00
 -0.10546875E+00 -0.61675824E+00
 -0.10351562E+00 -0.62230429E+00
 -0.10156250E+00 -0.62776090E+00
 -0.99609375E-01 -0.63312728E+00
 -0.97656250E-01 -0.63840267E+00
 -0.95703125E-01 -0.64358631E+00
 -0.93750000E-01 -0.64867745E+00
 -0.91796875E-01 -0.65367535E+00
 -0.89843750E-01 -0.65857931E+00
 -0.87890625E-01 -0.66338861E+00
 -0.85937500E-01 -0.66810257E+00
 -0.83984375E-01 -0.67272051E+00
 -0.82031250E-01 -0.67724176E+00
 -0.80078125E-01 -0.68166568E+00
 -0.78125000E-01 -0.68599162E+00
 -0.76171875E-01 -0.69021897E+00
 -0.74218750E-01 -0.69434712E+00
 -0.72265625E-01 -0.69837548E+00
 -0.70312500E-01 -0.70230346E+00
 -0.68359375E-01 -0.70613050E+00
 -0.66406250E-01 -0.70985606E+00
 -0.64453125E-01 -0.71347959E+00
 -0.62500000E-01 -0.71700058E+00
 -0.60546875E-01 -0.72041852E+00
 -0.58593750E-01 -0.72373292E+00
 -0.56640625E-01 -0.72694330E+00
 -0.54687500E-01 -0.73004920E+00
 -0.52734375E-01 -0.73305017E+00
 -0.50781250E-01 -0.73594579E+00
 -0.48828125E-01 -0.73873563E+00
 -0.46875000E-01 -0.74141931E+00
 -0.44921875E-01 -0.74399642E+00
 -0.42968750E-01 -0.74646660E+00
 -0.41015625E-01 -0.74882950E+00
 -0.39062500E-01 -0.75108477E+00
 -0.37109375E-01 -0.75323209E+00
 -0.35156250E-01 -0.75527116E+00
 -0.33203125E-01 -0.75720167E+00
 -0.31250000E-01 -0.75902336E+00
 -0.29296875E-01 -0.76073596E+00
 -0.27343750E-01 -0.76233922E+00
 -0.25390625E-01 -0.76383291E+00
 -0.23437500E-01 -0.76521683E+00
 -0.21484375E-01 -0.76649076E+00
 -0.19531250E-01 -0.76765453E+00
 -0.17578125E-01 -0.76870797E+00
 -0.15625000E-01 -0.76965093E+00
 -0.13671875E-01 -0.77048327E+00
 -0.11718750E-01 -0.77120488E+00
 -0.97656250E-02 -0.77181564E+00
 -0.78125000E-02 -0.77231548E+00
 -0.58593750E-02 -0.77270432E+00
 -0.39062500E-02 -0.77298209E+00
 -0.19531250E-02 -0.77314878E+00
  0.00000000E+00 -0.77320434E+00
  0.19531250E-02 -0.77314878E+00
  0.39062500E-02 -0.77298209E+00
  0.58593750E-02 -0.77270432E+00
  0.78125000E-02 -0.77231548E+00
  0.97656250E-02 -0.77181564E+00
  0.11718750E-01 -0.77120488E+00
  0.13671875E-01 -0.77048327E+00
  0.15625000E-01 -0.76965093E+00
  0.17578125E-01 -0.76870797E+00
  0.19531250E-01 -0.76765453E+00
  0.21484375E-01 -0.76649076E+00
  0.23437500E-01 -0.76521683E+00
  0.25390625E-01 -0.76383291E+00
  0.27343750E-01 -0.76233922E+00
  0.29296875E-01 -0.76073596E+00
  0.31250000E-01 -0.75902336E+00
  0.33203125E-01 -0.75720167E+00
  0.35156250E-01 -0.75527116E+00
  0.37109375E-01 -0.75323209E+00
  0.39062500E-01 -0.75108477E+00
  0.41015625E-01 -0.74882950E+00
  0.42968750E-01 -0.74646660E+00
  0.44921875E-01 -0.74399642E+00
  0.46875000E-01 -0.74141931E+00
  0.48828125E-01 -0.73873563E+00
  0.50781250E-01 -0.73594579E+00
  0.52734375E-01 -0.73305017E+00
  0.54687500E-01 -0.73004920E+00
  0.56640625E-01 -0.72694330E+00
  0.58593750E-01 -0.72373292E+00
  0.60546875E-01 -0.72041852E+00
  0.62500000E-01 -0.71700058E+00
  0.64453125E-01 -0.71347959E+00
  0.66406250E-01 -0.70985606E+00
  0.68359375E-01 -0.70613050E+00
  0.70312500E-01 -0.70230346E+00
  0.72265625E-01 -0.69837548E+00
  0.74218750E-01 -0.69434712E+00
  0.76171875E-01 -0.69021897E+00
  0.78125000E-01 -0.68599162E+00
  0.80078125E-01 -0.68166568E+00
  0.82031250E-01 -0.67724176E+00
  0.83984375E-01 -0.67272051E+00
  0.85937500E-01 -0.66810257E+00
  0.87890625E-01 -0.66338861E+00
  0.89843750E-01 -0.65857931E+00
  0.91796875E-01 -0.65367535E+00
  0.93750000E-01 -0.64867745E+00
  0.95703125E-01 -0.64358631E+00
  0.97656250E-01 -0.63840267E+00
  0.99609375E-01 -0.63312728E+00
  0.10156250E+00 -0.62776090E+00
  0.10351562E+00 -0.62230429E+00
  0.10546875E+00 -0.61675824E+00
  0.10742188E+00 -0.61112355E+00
  0.10937500E+00 -0.60540102E+00
  0.11132812E+00 -0.59959149E+00
  0.11328125E+00 -0.59369578E+00
  0.11523438E+00 -0.58771474E+00
  0.11718750E+00 -0.58164923E+00
  0.11914062E+00 -0.57550012E+00
  0.12109375E+00 -0.56926831E+00
  0.12304688E+00 -0.56295467E+00
  0.12500000E+00 -0.55656013E+00
  0.12695312E+00 -0.55008559E+00
  0.12890625E+00 -0.54353199E+00
  0.13085938E+00 -0.53690028E+00
  0.13281250E+00 -0.53019140E+00
  0.13476562E+00 -0.52340631E+00
  0.13671875E+00 -0.51654601E+00
  0.13867188E+00 -0.50961146E+00
  0.14062500E+00 -0.50260367E+00
  0.14257812E+00 -0.49552364E+00
  0.14453125E+00 -0.48837239E+00
  0.14648438E+00 -0.48115096E+00
  0.14843750E+00 -0.47386037E+00
  0.15039062E+00 -0.46650167E+00
  0.15234375E+00 -0.45907593E+00
  0.15429688E+00 -0.45158421E+00
  0.15625000E+00 -0.44402758E+00
  0.15820312E+00 -0.43640714E+00
  0.16015625E+00 -0.42872397E+00
  0.16210938E+00 -0.42097919E+00
  0.16406250E+00 -0.41317390E+00
  0.16601562E+00 -0.40530923E+00
  0.16796875E+00 -0.39738631E+00
  0.16992188E+00 -0.38940627E+00
  0.17187500E+00 -0.38137026E+00
  0.17382812E+00 -0.37327945E+00
  0.17578125E+00 -0.36513498E+00
  0.17773438E+00 -0.35693804E+00
  0.17968750E+00 -0.34868979E+00
  0.18164062E+00 -0.34039143E+00
  0.18359375E+00 -0.33204415E+00
  0.18554688E+00 -0.32364914E+00
  0.18750000E+00 -0.31520762E+00
  0.18945312E+00 -0.30672080E+00
  0.19140625E+00 -0.29818989E+00
  0.19335938E+00 -0.28961613E+00
  0.19531250E+00 -0.28100074E+00
  0.19726562E+00 -0.27234496E+00
  0.19921875E+00 -0.26365005E+00
  0.20117188E+00 -0.25491724E+00
  0.20312500E+00 -0.24614779E+00
  0.20507812E+00 -0.23734296E+00
  0.20703125E+00 -0.22850402E+00
  0.20898438E+00 -0.21963225E+00
  0.21093750E+00 -0.21072890E+00
  0.21289062E+00 -0.20179527E+00
  0.21484375E+00 -0.19283263E+00
  0.21679688E+00 -0.18384228E+00
  0.21875000E+00 -0.17482551E+00
  0.22070312E+00 -0.16578361E+00
  0.22265625E+00 -0.15671789E+00
  0.22460938E+00 -0.14762964E+00
  0.22656250E+00 -0.13852017E+00
  0.22851562E+00 -0.12939079E+00
  0.23046875E+00 -0.12024282E+00
  0.23242188E+00 -0.11107757E+00
  0.23437500E+00 -0.10189635E+00
  0.23632812E+00 -0.92700483E-01
  0.23828125E+00 -0.83491295E-01
  0.24023438E+00 -0.74270108E-01
  0.24218750E+00 -0.65038247E-01
  0.24414062E+00 -0.55797038E-01
  0.24609375E+00 -0.46547809E-01
  0.24804688E+00 -0.37291891E-01
  0.25000000E+00 -0.28030612E-01
  0.25195312E+00 -0.18765306E-01
  0.25390625E+00 -0.94973017E-02
  0.25585938E+00 -0.22793283E-03
  0.25781250E+00  0.90414688E-02
  0.25976562E+00  0.18309571E-01
  0.26171875E+00  0.27575042E-01
  0.26367188E+00  0.36836549E-01
  0.26562500E+00  0.46092762E-01
  0.26757812E+00  0.55342351E-01
  0.26953125E+00  0.64583985E-01
  0.27148438E+00  0.73816337E-01
  0.27343750E+00  0.83038081E-01
  0.27539062E+00  0.92247889E-01
  0.27734375E+00  0.10144444E+00
  0.27929688E+00  0.11062641E+00
  0.28125000E+00  0.11979248E+00
  0.28320312E+00  0.12894133E+00
  0.28515625E+00  0.13807166E+00
  0.28710938E+00  0.14718213E+00
  0.28906250E+00  0.15627146E+00
  0.29101562E+00  0.16533832E+00
  0.29296875E+00  0.17438142E+00
  0.29492188E+00  0.18339946E+00
  0.29687500E+00  0.19239114E+00
  0.29882812E+00  0.20135517E+00
  0.30078125E+00  0.21029026E+00
  0.30273438E+00  0.21919512E+00
  0.30468750E+00  0.22806848E+00
  0.30664062E+00  0.23690906E+00
  0.30859375E+00  0.24571560E+00
  0.31054688E+00  0.25448681E+00
  0.31250000E+00  0.26322146E+00
  0.31445312E+00  0.27191827E+00
  0.31640625E+00  0.28057600E+00
  0.31835938E+00  0.28919340E+00
  0.32031250E+00  0.29776924E+00
  0.32226562E+00  0.30630228E+00
  0.32421875E+00  0.31479130E+00
  0.32617188E+00  0.32323508E+00
  0.32812500E+00  0.33163240E+00
  0.33007812E+00  0.33998206E+00
  0.33203125E+00  0.34828285E+00
  0.33398438E+00  0.35653359E+00
  0.33593750E+00  0.36476029E+00
  0.33789062E+00  0.37296239E+00
  0.33984375E+00  0.38113934E+00
  0.34179688E+00  0.38929059E+00
  0.34375000E+00  0.39741559E+00
  0.34570312E+00  0.40551379E+00
  0.34765625E+00  0.41358465E+00
  0.34960938E+00  0.42162763E+00
  0.35156250E+00  0.42964217E+00
  0.35351562E+00  0.43762774E+00
  0.35546875E+00  0.44558380E+00
  0.35742188E+00  0.45350982E+00
  0.35937500E+00  0.46140525E+00
  0.36132812E+00  0.46926958E+00
  0.36328125E+00  0.47710226E+00
  0.36523438E+00  0.48490277E+00
  0.36718750E+00  0.49267058E+00
  0.36914062E+00  0.50040517E+00
  0.37109375E+00  0.50810602E+00
  0.37304688E+00  0.51577261E+00
  0.37500000E+00  0.52340442E+00
  0.37695312E+00  0.53100093E+00
  0.37890625E+00  0.53856165E+00
  0.38085938E+00  0.54608604E+00
  0.38281250E+00  0.55357362E+00
  0.38476562E+00  0.56102386E+00
  0.38671875E+00  0.56843628E+00
  0.38867188E+00  0.57581036E+00
  0.39062500E+00  0.58314562E+00
  0.39257812E+00  0.59044156E+00
  0.39453125E+00  0.59769769E+00
  0.39648438E+00  0.60491351E+00
  0.39843750E+00  0.61208854E+00
  0.40039062E+00  0.61922230E+00
  0.40234375E+00  0.62631431E+00
  0.40429688E+00  0.63336408E+00
  0.40625000E+00  0.64037114E+00
  0.40820312E+00  0.64733503E+00
  0.41015625E+00  0.65425527E+00
  0.41210938E+00  0.66113138E+00
  0.41406250E+00  0.66796292E+00
  0.41601562E+00  0.67474942E+00
  0.41796875E+00  0.68149042E+00
  0.41992188E+00  0.68818547E+00
  0.42187500E+00  0.69483411E+00
  0.42382812E+00  0.70143590E+00
  0.42578125E+00  0.70799040E+00
  0.42773438E+00  0.71449715E+00
  0.42968750E+00  0.72095572E+00
  0.43164062E+00  0.72736568E+00
  0.43359375E+00  0.73372660E+00
  0.43554688E+00  0.74003804E+00
  0.43750000E+00  0.74629957E+00
  0.43945312E+00  0.75251079E+00
  0.44140625E+00  0.75867126E+00
  0.44335938E+00  0.76478058E+00
  0.44531250E+00  0.77083833E+00
  0.44726562E+00  0.77684410E+00
  0.44921875E+00  0.78279748E+00
  0.45117188E+00  0.78869809E+00
  0.45312500E+00  0.79454551E+00
  0.45507812E+00  0.80033935E+00
  0.45703125E+00  0.80607923E+00
  0.45898438E+00  0.81176476E+00
  0.46093750E+00  0.81739554E+00
  0.46289062E+00  0.82297121E+00
  0.46484375E+00  0.82849139E+00
  0.46679688E+00  0.83395570E+00
  0.46875000E+00  0.83936378E+00
  0.47070312E+00  0.84471526E+00
  0.47265625E+00  0.85000978E+00
  0.47460938E+00  0.85524699E+00
  0.47656250E+00  0.86042652E+00
  0.47851562E+00  0.86554804E+00
  0.48046875E+00  0.87061120E+00
  0.48242188E+00  0.87561564E+00
  0.48437500E+00  0.88056105E+00
  0.48632812E+00  0.88544708E+00
  0.48828125E+00  0.89027340E+00
  0.49023438E+00  0.89503970E+00
  0.49218750E+00  0.89974564E+00
  0.49414062E+00  0.90439091E+00
  0.49609375E+00  0.90897519E+00
  0.49804688E+00  0.91349819E+00
  0.50000000E+00  0.91795959E+00
  0.50195312E+00  0.92235909E+00
  0.50390625E+00  0.92669639E+00
  0.50585938E+00  0.93097121E+00
  0.50781250E+00  0.93518325E+00
  0.50976562E+00  0.93933224E+00
  0.51171875E+00  0.94341788E+00
  0.51367188E+00  0.94743991E+00
  0.51562500E+00  0.95139806E+00
  0.51757812E+00  0.95529205E+00
  0.51953125E+00  0.95912163E+00
  0.52148438E+00  0.96288653E+00
  0.52343750E+00  0.96658650E+00
  0.52539062E+00  0.97022130E+00
  0.52734375E+00  0.97379068E+00
  0.52929688E+00  0.97729439E+00
  0.53125000E+00  0.98073221E+00
  0.53320312E+00  0.98410389E+00
  0.53515625E+00  0.98740922E+00
  0.53710938E+00  0.99064796E+00
  0.53906250E+00  0.99381991E+00
  0.54101562E+00  0.99692484E+00
  0.54296875E+00  0.99996255E+00
  0.54492188E+00  0.10029328E+01
  0.54687500E+00  0.10058355E+01
  0.54882812E+00  0.10086703E+01
  0.55078125E+00  0.10114371E+01
  0.55273438E+00  0.10141358E+01
  0.55468750E+00  0.10167660E+01
  0.55664062E+00  0.10193277E+01
  0.55859375E+00  0.10218206E+01
  0.56054688E+00  0.10242446E+01
  0.56250000E+00  0.10265996E+01
  0.56445312E+00  0.10288854E+01
  0.56640625E+00  0.10311017E+01
  0.56835938E+00  0.10332486E+01
  0.57031250E+00  0.10353258E+01
  0.57226562E+00  0.10373331E+01
  0.57421875E+00  0.10392705E+01
  0.57617188E+00  0.10411379E+01
  0.57812500E+00  0.10429350E+01
  0.58007812E+00  0.10446618E+01
  0.58203125E+00  0.10463182E+01
  0.58398438E+00  0.10479040E+01
  0.58593750E+00  0.10494191E+01
  0.58789062E+00  0.10508635E+01
  0.58984375E+00  0.10522370E+01
  0.59179688E+00  0.10535396E+01
  0.59375000E+00  0.10547712E+01
  0.59570312E+00  0.10559316E+01
  0.59765625E+00  0.10570208E+01
  0.59960938E+00  0.10580387E+01
  0.60156250E+00  0.10589853E+01
  0.60351562E+00  0.10598605E+01
  0.60546875E+00  0.10606642E+01
  0.60742188E+00  0.10613964E+01
  0.60937500E+00  0.10620571E+01
  0.61132812E+00  0.10626461E+01
  0.61328125E+00  0.10631634E+01
  0.61523438E+00  0.10636091E+01
  0.61718750E+00  0.10639831E+01
  0.61914062E+00  0.10642853E+01
  0.62109375E+00  0.10645157E+01
  0.62304688E+00  0.10646744E+01
  0.62500000E+00  0.10647613E+01
  0.62695312E+00  0.10647763E+01
  0.62890625E+00  0.10647196E+01
  0.63085938E+00  0.10645911E+01
  0.63281250E+00  0.10643908E+01
  0.63476562E+00  0.10641187E+01
  0.63671875E+00  0.10637749E+01
  0.63867188E+00  0.10633594E+01
  0.64062500E+00  0.10628721E+01
  0.64257812E+00  0.10623132E+01
  0.64453125E+00  0.10616826E+01
  0.64648438E+00  0.10609805E+01
  0.64843750E+00  0.10602068E+01
  0.65039062E+00  0.10593616E+01
  0.65234375E+00  0.10584450E+01
  0.65429688E+00  0.10574570E+01
  0.65625000E+00  0.10563977E+01
  0.65820312E+00  0.10552672E+01
  0.66015625E+00  0.10540655E+01
  0.66210938E+00  0.10527928E+01
  0.66406250E+00  0.10514490E+01
  0.66601562E+00  0.10500344E+01
  0.66796875E+00  0.10485489E+01
  0.66992188E+00  0.10469928E+01
  0.67187500E+00  0.10453660E+01
  0.67382812E+00  0.10436688E+01
  0.67578125E+00  0.10419012E+01
  0.67773438E+00  0.10400633E+01
  0.67968750E+00  0.10381553E+01
  0.68164062E+00  0.10361773E+01
  0.68359375E+00  0.10341295E+01
  0.68554688E+00  0.10320119E+01
  0.68750000E+00  0.10298247E+01
  0.68945312E+00  0.10275680E+01
  0.69140625E+00  0.10252421E+01
  0.69335938E+00  0.10228471E+01
  0.69531250E+00  0.10203830E+01
  0.69726562E+00  0.10178502E+01
  0.69921875E+00  0.10152488E+01
  0.70117188E+00  0.10125788E+01
  0.70312500E+00  0.10098406E+01
  0.70507812E+00  0.10070344E+01
  0.70703125E+00  0.10041602E+01
  0.70898438E+00  0.10012183E+01
  0.71093750E+00  0.99820884E+00
  0.71289062E+00  0.99513212E+00
  0.71484375E+00  0.99198829E+00
  0.71679688E+00  0.98877757E+00
  0.71875000E+00  0.98550018E+00
  0.72070312E+00  0.98215634E+00
  0.72265625E+00  0.97874627E+00
  0.72460938E+00  0.97527021E+00
  0.72656250E+00  0.97172838E+00
  0.72851562E+00  0.96812103E+00
  0.73046875E+00  0.96444839E+00
  0.73242188E+00  0.96071073E+00
  0.73437500E+00  0.95690828E+00
  0.73632812E+00  0.95304131E+00
  0.73828125E+00  0.94911008E+00
  0.74023438E+00  0.94511485E+00
  0.74218750E+00  0.94105589E+00
  0.74414062E+00  0.93693347E+00
  0.74609375E+00  0.93274788E+00
  0.74804688E+00  0.92849939E+00
  0.75000000E+00  0.92418829E+00
  0.75195312E+00  0.91981488E+00
  0.75390625E+00  0.91537944E+00
  0.75585938E+00  0.91088228E+00
  0.75781250E+00  0.90632369E+00
  0.75976562E+00  0.90170400E+00
  0.76171875E+00  0.89702350E+00
  0.76367188E+00  0.89228252E+00
  0.76562500E+00  0.88748137E+00
  0.76757812E+00  0.88262037E+00
  0.76953125E+00  0.87769986E+00
  0.77148438E+00  0.87272017E+00
  0.77343750E+00  0.86768163E+00
  0.77539062E+00  0.86258458E+00
  0.77734375E+00  0.85742937E+00
  0.77929688E+00  0.85221634E+00
  0.78125000E+00  0.84694585E+00
  0.78320312E+00  0.84161825E+00
  0.78515625E+00  0.83623390E+00
  0.78710938E+00  0.83079316E+00
  0.78906250E+00  0.82529640E+00
  0.79101562E+00  0.81974399E+00
  0.79296875E+00  0.81413630E+00
  0.79492188E+00  0.80847372E+00
  0.79687500E+00  0.80275663E+00
  0.79882812E+00  0.79698540E+00
  0.80078125E+00  0.79116043E+00
  0.80273438E+00  0.78528211E+00
  0.80468750E+00  0.77935085E+00
  0.80664062E+00  0.77336703E+00
  0.80859375E+00  0.76733106E+00
  0.81054688E+00  0.76124335E+00
  0.81250000E+00  0.75510432E+00
  0.81445312E+00  0.74891436E+00
  0.81640625E+00  0.74267391E+00
  0.81835938E+00  0.73638337E+00
  0.82031250E+00  0.73004319E+00
  0.82226562E+00  0.72365377E+00
  0.82421875E+00  0.71721556E+00
  0.82617188E+00  0.71072899E+00
  0.82812500E+00  0.70419449E+00
  0.83007812E+00  0.69761251E+00
  0.83203125E+00  0.69098349E+00
  0.83398438E+00  0.68430788E+00
  0.83593750E+00  0.67758613E+00
  0.83789062E+00  0.67081868E+00
  0.83984375E+00  0.66400600E+00
  0.84179688E+00  0.65714855E+00
  0.84375000E+00  0.65024679E+00
  0.84570312E+00  0.64330118E+00
  0.84765625E+00  0.63631219E+00
  0.84960938E+00  0.62928029E+00
  0.85156250E+00  0.62220597E+00
  0.85351562E+00  0.61508969E+00
  0.85546875E+00  0.60793193E+00
  0.85742188E+00  0.60073318E+00
  0.85937500E+00  0.59349392E+00
  0.86132812E+00  0.58621464E+00
  0.86328125E+00  0.57889584E+00
  0.86523438E+00  0.57153800E+00
  0.86718750E+00  0.56414162E+00
  0.86914062E+00  0.55670720E+00
  0.87109375E+00  0.54923524E+00
  0.87304688E+00  0.54172625E+00
  0.87500000E+00  0.53418073E+00
  0.87695312E+00  0.52659919E+00
  0.87890625E+00  0.51898214E+00
  0.88085938E+00  0.51133009E+00
  0.88281250E+00  0.50364357E+00
  0.88476562E+00  0.49592309E+00
  0.88671875E+00  0.48816916E+00
  0.88867188E+00  0.48038232E+00
  0.89062500E+00  0.47256309E+00
  0.89257812E+00  0.46471199E+00
  0.89453125E+00  0.45682956E+00
  0.89648438E+00  0.44891632E+00
  0.89843750E+00  0.44097281E+00
  0.90039062E+00  0.43299957E+00
  0.90234375E+00  0.42499713E+00
  0.90429688E+00  0.41696603E+00
  0.90625000E+00  0.40890682E+00
  0.90820312E+00  0.40082003E+00
  0.91015625E+00  0.39270622E+00
  0.91210938E+00  0.38456592E+00
  0.91406250E+00  0.37639970E+00
  0.91601562E+00  0.36820809E+00
  0.91796875E+00  0.35999166E+00
  0.91992188E+00  0.35175095E+00
  0.92187500E+00  0.34348652E+00
  0.92382812E+00  0.33519894E+00
  0.92578125E+00  0.32688875E+00
  0.92773438E+00  0.31855651E+00
  0.92968750E+00  0.31020280E+00
  0.93164062E+00  0.30182817E+00
  0.93359375E+00  0.29343319E+00
  0.93554688E+00  0.28501842E+00
  0.93750000E+00  0.27658444E+00
  0.93945312E+00  0.26813180E+00
  0.94140625E+00  0.25966108E+00
  0.94335938E+00  0.25117286E+00
  0.94531250E+00  0.24266769E+00
  0.94726562E+00  0.23414617E+00
  0.94921875E+00  0.22560885E+00
  0.95117188E+00  0.21705633E+00
  0.95312500E+00  0.20848917E+00
  0.95507812E+00  0.19990794E+00
  0.95703125E+00  0.19131324E+00
  0.95898438E+00  0.18270564E+00
  0.96093750E+00  0.17408572E+00
  0.96289062E+00  0.16545406E+00
  0.96484375E+00  0.15681125E+00
  0.96679688E+00  0.14815786E+00
  0.96875000E+00  0.13949448E+00
  0.97070312E+00  0.13082169E+00
  0.97265625E+00  0.12214008E+00
  0.97460938E+00  0.11345024E+00
  0.97656250E+00  0.10475274E+00
  0.97851562E+00  0.96048187E-01
  0.98046875E+00  0.87337154E-01
  0.98242188E+00  0.78620231E-01
  0.98437500E+00  0.69898007E-01
  0.98632812E+00  0.61171070E-01
  0.98828125E+00  0.52440008E-01
  0.99023438E+00  0.43705410E-01
  0.99218750E+00  0.34967865E-01
  0.99414062E+00  0.26227962E-01
  0.99609375E+00  0.17486291E-01
  0.99804688E+00  0.87434401E-02
