-0.99804688E+00 -0.12271538E-01
 -0.99609375E+00 -0.24541229E-01
 -0.99414062E+00 -0.36807223E-01
 -0.99218750E+00 -0.49067674E-01
 -0.99023438E+00 -0.61320736E-01
 -0.98828125E+00 -0.73564564E-01
 -0.98632812E+00 -0.85797312E-01
 -0.98437500E+00 -0.98017140E-01
 -0.98242188E+00 -0.11022221E+00
 -0.98046875E+00 -0.12241068E+00
 -0.97851562E+00 -0.13458071E+00
 -0.97656250E+00 -0.14673047E+00
 -0.97460938E+00 -0.15885814E+00
 -0.97265625E+00 -0.17096189E+00
 -0.97070312E+00 -0.18303989E+00
 -0.96875000E+00 -0.19509032E+00
 -0.96679688E+00 -0.20711138E+00
 -0.96484375E+00 -0.21910124E+00
 -0.96289062E+00 -0.23105811E+00
 -0.96093750E+00 -0.24298018E+00
 -0.95898438E+00 -0.25486566E+00
 -0.95703125E+00 -0.26671276E+00
 -0.95507812E+00 -0.27851969E+00
 -0.95312500E+00 -0.29028468E+00
 -0.95117188E+00 -0.30200595E+00
 -0.94921875E+00 -0.31368174E+00
 -0.94726562E+00 -0.32531029E+00
 -0.94531250E+00 -0.33688985E+00
 -0.94335938E+00 -0.34841868E+00
 -0.94140625E+00 -0.35989504E+00
 -0.93945312E+00 -0.37131719E+00
 -0.93750000E+00 -0.38268343E+00
 -0.93554688E+00 -0.39399204E+00
 -0.93359375E+00 -0.40524131E+00
 -0.93164062E+00 -0.41642956E+00
 -0.92968750E+00 -0.42755509E+00
 -0.92773438E+00 -0.43861624E+00
 -0.92578125E+00 -0.44961133E+00
 -0.92382812E+00 -0.46053871E+00
 -0.92187500E+00 -0.47139674E+00
 -0.91992188E+00 -0.48218377E+00
 -0.91796875E+00 -0.49289819E+00
 -0.91601562E+00 -0.50353838E+00
 -0.91406250E+00 -0.51410274E+00
 -0.91210938E+00 -0.52458968E+00
 -0.91015625E+00 -0.53499762E+00
 -0.90820312E+00 -0.54532499E+00
 -0.90625000E+00 -0.55557023E+00
 -0.90429688E+00 -0.56573181E+00
 -0.90234375E+00 -0.57580819E+00
 -0.90039062E+00 -0.58579786E+00
 -0.89843750E+00 -0.59569930E+00
 -0.89648438E+00 -0.60551104E+00
 -0.89453125E+00 -0.61523159E+00
 -0.89257812E+00 -0.62485949E+00
 -0.89062500E+00 -0.63439328E+00
 -0.88867188E+00 -0.64383154E+00
 -0.88671875E+00 -0.65317284E+00
 -0.88476562E+00 -0.66241578E+00
 -0.88281250E+00 -0.67155895E+00
 -0.88085938E+00 -0.68060100E+00
 -0.87890625E+00 -0.68954054E+00
 -0.87695312E+00 -0.69837625E+00
 -0.87500000E+00 -0.70710678E+00
 -0.87304688E+00 -0.71573083E+00
 -0.87109375E+00 -0.72424708E+00
 -0.86914062E+00 -0.73265427E+00
 -0.86718750E+00 -0.74095113E+00
 -0.86523438E+00 -0.74913639E+00
 -0.86328125E+00 -0.75720885E+00
 -0.86132812E+00 -0.76516727E+00
 -0.85937500E+00 -0.77301045E+00
 -0.85742188E+00 -0.78073723E+00
 -0.85546875E+00 -0.78834643E+00
 -0.85351562E+00 -0.79583690E+00
 -0.85156250E+00 -0.80320753E+00
 -0.84960938E+00 -0.81045720E+00
 -0.84765625E+00 -0.81758481E+00
 -0.84570312E+00 -0.82458930E+00
 -0.84375000E+00 -0.83146961E+00
 -0.84179688E+00 -0.83822471E+00
 -0.83984375E+00 -0.84485357E+00
 -0.83789062E+00 -0.85135519E+00
 -0.83593750E+00 -0.85772861E+00
 -0.83398438E+00 -0.86397286E+00
 -0.83203125E+00 -0.87008699E+00
 -0.83007812E+00 -0.87607009E+00
 -0.82812500E+00 -0.88192126E+00
 -0.82617188E+00 -0.88763962E+00
 -0.82421875E+00 -0.89322430E+00
 -0.82226562E+00 -0.89867447E+00
 -0.82031250E+00 -0.90398929E+00
 -0.81835938E+00 -0.90916798E+00
 -0.81640625E+00 -0.91420976E+00
 -0.81445312E+00 -0.91911385E+00
 -0.81250000E+00 -0.92387953E+00
 -0.81054688E+00 -0.92850608E+00
 -0.80859375E+00 -0.93299280E+00
 -0.80664062E+00 -0.93733901E+00
 -0.80468750E+00 -0.94154407E+00
 -0.80273438E+00 -0.94560733E+00
 -0.80078125E+00 -0.94952818E+00
 -0.79882812E+00 -0.95330604E+00
 -0.79687500E+00 -0.95694034E+00
 -0.79492188E+00 -0.96043052E+00
 -0.79296875E+00 -0.96377607E+00
 -0.79101562E+00 -0.96697647E+00
 -0.78906250E+00 -0.97003125E+00
 -0.78710938E+00 -0.97293995E+00
 -0.78515625E+00 -0.97570213E+00
 -0.78320312E+00 -0.97831737E+00
 -0.78125000E+00 -0.98078528E+00
 -0.77929688E+00 -0.98310549E+00
 -0.77734375E+00 -0.98527764E+00
 -0.77539062E+00 -0.98730142E+00
 -0.77343750E+00 -0.98917651E+00
 -0.77148438E+00 -0.99090264E+00
 -0.76953125E+00 -0.99247953E+00
 -0.76757812E+00 -0.99390697E+00
 -0.76562500E+00 -0.99518473E+00
 -0.76367188E+00 -0.99631261E+00
 -0.76171875E+00 -0.99729046E+00
 -0.75976562E+00 -0.99811811E+00
 -0.75781250E+00 -0.99879546E+00
 -0.75585938E+00 -0.99932238E+00
 -0.75390625E+00 -0.99969882E+00
 -0.75195312E+00 -0.99992470E+00
 -0.75000000E+00 -0.10000000E+01
 -0.74804688E+00 -0.99992470E+00
 -0.74609375E+00 -0.99969882E+00
 -0.74414062E+00 -0.99932238E+00
 -0.74218750E+00 -0.99879546E+00
 -0.74023438E+00 -0.99811811E+00
 -0.73828125E+00 -0.99729046E+00
 -0.73632812E+00 -0.99631261E+00
 -0.73437500E+00 -0.99518473E+00
 -0.73242188E+00 -0.99390697E+00
 -0.73046875E+00 -0.99247953E+00
 -0.72851562E+00 -0.99090264E+00
 -0.72656250E+00 -0.98917651E+00
 -0.72460938E+00 -0.98730142E+00
 -0.72265625E+00 -0.98527764E+00
 -0.72070312E+00 -0.98310549E+00
 -0.71875000E+00 -0.98078528E+00
 -0.71679688E+00 -0.97831737E+00
 -0.71484375E+00 -0.97570213E+00
 -0.71289062E+00 -0.97293995E+00
 -0.71093750E+00 -0.97003125E+00
 -0.70898438E+00 -0.96697647E+00
 -0.70703125E+00 -0.96377607E+00
 -0.70507812E+00 -0.96043052E+00
 -0.70312500E+00 -0.95694034E+00
 -0.70117188E+00 -0.95330604E+00
 -0.69921875E+00 -0.94952818E+00
 -0.69726562E+00 -0.94560733E+00
 -0.69531250E+00 -0.94154407E+00
 -0.69335938E+00 -0.93733901E+00
 -0.69140625E+00 -0.93299280E+00
 -0.68945312E+00 -0.92850608E+00
 -0.68750000E+00 -0.92387953E+00
 -0.68554688E+00 -0.91911385E+00
 -0.68359375E+00 -0.91420976E+00
 -0.68164062E+00 -0.90916798E+00
 -0.67968750E+00 -0.90398929E+00
 -0.67773438E+00 -0.89867447E+00
 -0.67578125E+00 -0.89322430E+00
 -0.67382812E+00 -0.88763962E+00
 -0.67187500E+00 -0.88192126E+00
 -0.66992188E+00 -0.87607009E+00
 -0.66796875E+00 -0.87008699E+00
 -0.66601562E+00 -0.86397286E+00
 -0.66406250E+00 -0.85772861E+00
 -0.66210938E+00 -0.85135519E+00
 -0.66015625E+00 -0.84485357E+00
 -0.65820312E+00 -0.83822471E+00
 -0.65625000E+00 -0.83146961E+00
 -0.65429688E+00 -0.82458930E+00
 -0.65234375E+00 -0.81758481E+00
 -0.65039062E+00 -0.81045720E+00
 -0.64843750E+00 -0.80320753E+00
 -0.64648438E+00 -0.79583690E+00
 -0.64453125E+00 -0.78834643E+00
 -0.64257812E+00 -0.78073723E+00
 -0.64062500E+00 -0.77301045E+00
 -0.63867188E+00 -0.76516727E+00
 -0.63671875E+00 -0.75720885E+00
 -0.63476562E+00 -0.74913639E+00
 -0.63281250E+00 -0.74095113E+00
 -0.63085938E+00 -0.73265427E+00
 -0.62890625E+00 -0.72424708E+00
 -0.62695312E+00 -0.71573083E+00
 -0.62500000E+00 -0.70710678E+00
 -0.62304688E+00 -0.69837625E+00
 -0.62109375E+00 -0.68954054E+00
 -0.61914062E+00 -0.68060100E+00
 -0.61718750E+00 -0.67155895E+00
 -0.61523438E+00 -0.66241578E+00
 -0.61328125E+00 -0.65317284E+00
 -0.61132812E+00 -0.64383154E+00
 -0.60937500E+00 -0.63439328E+00
 -0.60742188E+00 -0.62485949E+00
 -0.60546875E+00 -0.61523159E+00
 -0.60351562E+00 -0.60551104E+00
 -0.60156250E+00 -0.59569930E+00
 -0.59960938E+00 -0.58579786E+00
 -0.59765625E+00 -0.57580819E+00
 -0.59570312E+00 -0.56573181E+00
 -0.59375000E+00 -0.55557023E+00
 -0.59179688E+00 -0.54532499E+00
 -0.58984375E+00 -0.53499762E+00
 -0.58789062E+00 -0.52458968E+00
 -0.58593750E+00 -0.51410274E+00
 -0.58398438E+00 -0.50353838E+00
 -0.58203125E+00 -0.49289819E+00
 -0.58007812E+00 -0.48218377E+00
 -0.57812500E+00 -0.47139674E+00
 -0.57617188E+00 -0.46053871E+00
 -0.57421875E+00 -0.44961133E+00
 -0.57226562E+00 -0.43861624E+00
 -0.57031250E+00 -0.42755509E+00
 -0.56835938E+00 -0.41642956E+00
 -0.56640625E+00 -0.40524131E+00
 -0.56445312E+00 -0.39399204E+00
 -0.56250000E+00 -0.38268343E+00
 -0.56054688E+00 -0.37131719E+00
 -0.55859375E+00 -0.35989504E+00
 -0.55664062E+00 -0.34841868E+00
 -0.55468750E+00 -0.33688985E+00
 -0.55273438E+00 -0.32531029E+00
 -0.55078125E+00 -0.31368174E+00
 -0.54882812E+00 -0.30200595E+00
 -0.54687500E+00 -0.29028468E+00
 -0.54492188E+00 -0.27851969E+00
 -0.54296875E+00 -0.26671276E+00
 -0.54101562E+00 -0.25486566E+00
 -0.53906250E+00 -0.24298018E+00
 -0.53710938E+00 -0.23105811E+00
 -0.53515625E+00 -0.21910124E+00
 -0.53320312E+00 -0.20711138E+00
 -0.53125000E+00 -0.19509032E+00
 -0.52929688E+00 -0.18303989E+00
 -0.52734375E+00 -0.17096189E+00
 -0.52539062E+00 -0.15885814E+00
 -0.52343750E+00 -0.14673047E+00
 -0.52148438E+00 -0.13458071E+00
 -0.51953125E+00 -0.12241068E+00
 -0.51757812E+00 -0.11022221E+00
 -0.51562500E+00 -0.98017140E-01
 -0.51367188E+00 -0.85797312E-01
 -0.51171875E+00 -0.73564564E-01
 -0.50976562E+00 -0.61320736E-01
 -0.50781250E+00 -0.49067674E-01
 -0.50585938E+00 -0.36807223E-01
 -0.50390625E+00 -0.24541229E-01
 -0.50195312E+00 -0.12271538E-01
 -0.50000000E+00 -0.50049185E-12
 -0.49804688E+00  0.12271538E-01
 -0.49609375E+00  0.24541229E-01
 -0.49414062E+00  0.36807223E-01
 -0.49218750E+00  0.49067674E-01
 -0.49023438E+00  0.61320736E-01
 -0.48828125E+00  0.73564564E-01
 -0.48632812E+00  0.85797312E-01
 -0.48437500E+00  0.98017140E-01
 -0.48242188E+00  0.11022221E+00
 -0.48046875E+00  0.12241068E+00
 -0.47851562E+00  0.13458071E+00
 -0.47656250E+00  0.14673047E+00
 -0.47460938E+00  0.15885814E+00
 -0.47265625E+00  0.17096189E+00
 -0.47070312E+00  0.18303989E+00
 -0.46875000E+00  0.19509032E+00
 -0.46679688E+00  0.20711138E+00
 -0.46484375E+00  0.21910124E+00
 -0.46289062E+00  0.23105811E+00
 -0.46093750E+00  0.24298018E+00
 -0.45898438E+00  0.25486566E+00
 -0.45703125E+00  0.26671276E+00
 -0.45507812E+00  0.27851969E+00
 -0.45312500E+00  0.29028468E+00
 -0.45117188E+00  0.30200595E+00
 -0.44921875E+00  0.31368174E+00
 -0.44726562E+00  0.32531029E+00
 -0.44531250E+00  0.33688985E+00
 -0.44335938E+00  0.34841868E+00
 -0.44140625E+00  0.35989504E+00
 -0.43945312E+00  0.37131719E+00
 -0.43750000E+00  0.38268343E+00
 -0.43554688E+00  0.39399204E+00
 -0.43359375E+00  0.40524131E+00
 -0.43164062E+00  0.41642956E+00
 -0.42968750E+00  0.42755509E+00
 -0.42773438E+00  0.43861624E+00
 -0.42578125E+00  0.44961133E+00
 -0.42382812E+00  0.46053871E+00
 -0.42187500E+00  0.47139674E+00
 -0.41992188E+00  0.48218377E+00
 -0.41796875E+00  0.49289819E+00
 -0.41601562E+00  0.50353838E+00
 -0.41406250E+00  0.51410274E+00
 -0.41210938E+00  0.52458968E+00
 -0.41015625E+00  0.53499762E+00
 -0.40820312E+00  0.54532499E+00
 -0.40625000E+00  0.55557023E+00
 -0.40429688E+00  0.56573181E+00
 -0.40234375E+00  0.57580819E+00
 -0.40039062E+00  0.58579786E+00
 -0.39843750E+00  0.59569930E+00
 -0.39648438E+00  0.60551104E+00
 -0.39453125E+00  0.61523159E+00
 -0.39257812E+00  0.62485949E+00
 -0.39062500E+00  0.63439328E+00
 -0.38867188E+00  0.64383154E+00
 -0.38671875E+00  0.65317284E+00
 -0.38476562E+00  0.66241578E+00
 -0.38281250E+00  0.67155895E+00
 -0.38085938E+00  0.68060100E+00
 -0.37890625E+00  0.68954054E+00
 -0.37695312E+00  0.69837625E+00
 -0.37500000E+00  0.70710678E+00
 -0.37304688E+00  0.71573083E+00
 -0.37109375E+00  0.72424708E+00
 -0.36914062E+00  0.73265427E+00
 -0.36718750E+00  0.74095113E+00
 -0.36523438E+00  0.74913639E+00
 -0.36328125E+00  0.75720885E+00
 -0.36132812E+00  0.76516727E+00
 -0.35937500E+00  0.77301045E+00
 -0.35742188E+00  0.78073723E+00
 -0.35546875E+00  0.78834643E+00
 -0.35351562E+00  0.79583690E+00
 -0.35156250E+00  0.80320753E+00
 -0.34960938E+00  0.81045720E+00
 -0.34765625E+00  0.81758481E+00
 -0.34570312E+00  0.82458930E+00
 -0.34375000E+00  0.83146961E+00
 -0.34179688E+00  0.83822471E+00
 -0.33984375E+00  0.84485357E+00
 -0.33789062E+00  0.85135519E+00
 -0.33593750E+00  0.85772861E+00
 -0.33398438E+00  0.86397286E+00
 -0.33203125E+00  0.87008699E+00
 -0.33007812E+00  0.87607009E+00
 -0.32812500E+00  0.88192126E+00
 -0.32617188E+00  0.88763962E+00
 -0.32421875E+00  0.89322430E+00
 -0.32226562E+00  0.89867447E+00
 -0.32031250E+00  0.90398929E+00
 -0.31835938E+00  0.90916798E+00
 -0.31640625E+00  0.91420976E+00
 -0.31445312E+00  0.91911385E+00
 -0.31250000E+00  0.92387953E+00
 -0.31054688E+00  0.92850608E+00
 -0.30859375E+00  0.93299280E+00
 -0.30664062E+00  0.93733901E+00
 -0.30468750E+00  0.94154407E+00
 -0.30273438E+00  0.94560733E+00
 -0.30078125E+00  0.94952818E+00
 -0.29882812E+00  0.95330604E+00
 -0.29687500E+00  0.95694034E+00
 -0.29492188E+00  0.96043052E+00
 -0.29296875E+00  0.96377607E+00
 -0.29101562E+00  0.96697647E+00
 -0.28906250E+00  0.97003125E+00
 -0.28710938E+00  0.97293995E+00
 -0.28515625E+00  0.97570213E+00
 -0.28320312E+00  0.97831737E+00
 -0.28125000E+00  0.98078528E+00
 -0.27929688E+00  0.98310549E+00
 -0.27734375E+00  0.98527764E+00
 -0.27539062E+00  0.98730142E+00
 -0.27343750E+00  0.98917651E+00
 -0.27148438E+00  0.99090264E+00
 -0.26953125E+00  0.99247953E+00
 -0.26757812E+00  0.99390697E+00
 -0.26562500E+00  0.99518473E+00
 -0.26367188E+00  0.99631261E+00
 -0.26171875E+00  0.99729046E+00
 -0.25976562E+00  0.99811811E+00
 -0.25781250E+00  0.99879546E+00
 -0.25585938E+00  0.99932238E+00
 -0.25390625E+00  0.99969882E+00
 -0.25195312E+00  0.99992470E+00
 -0.25000000E+00  0.10000000E+01
 -0.24804688E+00  0.99992470E+00
 -0.24609375E+00  0.99969882E+00
 -0.24414062E+00  0.99932238E+00
 -0.24218750E+00  0.99879546E+00
 -0.24023438E+00  0.99811811E+00
 -0.23828125E+00  0.99729046E+00
 -0.23632812E+00  0.99631261E+00
 -0.23437500E+00  0.99518473E+00
 -0.23242188E+00  0.99390697E+00
 -0.23046875E+00  0.99247953E+00
 -0.22851562E+00  0.99090264E+00
 -0.22656250E+00  0.98917651E+00
 -0.22460938E+00  0.98730142E+00
 -0.22265625E+00  0.98527764E+00
 -0.22070312E+00  0.98310549E+00
 -0.21875000E+00  0.98078528E+00
 -0.21679688E+00  0.97831737E+00
 -0.21484375E+00  0.97570213E+00
 -0.21289062E+00  0.97293995E+00
 -0.21093750E+00  0.97003125E+00
 -0.20898438E+00  0.96697647E+00
 -0.20703125E+00  0.96377607E+00
 -0.20507812E+00  0.96043052E+00
 -0.20312500E+00  0.95694034E+00
 -0.20117188E+00  0.95330604E+00
 -0.19921875E+00  0.94952818E+00
 -0.19726562E+00  0.94560733E+00
 -0.19531250E+00  0.94154407E+00
 -0.19335938E+00  0.93733901E+00
 -0.19140625E+00  0.93299280E+00
 -0.18945312E+00  0.92850608E+00
 -0.18750000E+00  0.92387953E+00
 -0.18554688E+00  0.91911385E+00
 -0.18359375E+00  0.91420976E+00
 -0.18164062E+00  0.90916798E+00
 -0.17968750E+00  0.90398929E+00
 -0.17773438E+00  0.89867447E+00
 -0.17578125E+00  0.89322430E+00
 -0.17382812E+00  0.88763962E+00
 -0.17187500E+00  0.88192126E+00
 -0.16992188E+00  0.87607009E+00
 -0.16796875E+00  0.87008699E+00
 -0.16601562E+00  0.86397286E+00
 -0.16406250E+00  0.85772861E+00
 -0.16210938E+00  0.85135519E+00
 -0.16015625E+00  0.84485357E+00
 -0.15820312E+00  0.83822471E+00
 -0.15625000E+00  0.83146961E+00
 -0.15429688E+00  0.82458930E+00
 -0.15234375E+00  0.81758481E+00
 -0.15039062E+00  0.81045720E+00
 -0.14843750E+00  0.80320753E+00
 -0.14648438E+00  0.79583690E+00
 -0.14453125E+00  0.78834643E+00
 -0.14257812E+00  0.78073723E+00
 -0.14062500E+00  0.77301045E+00
 -0.13867188E+00  0.76516727E+00
 -0.13671875E+00  0.75720885E+00
 -0.13476562E+00  0.74913639E+00
 -0.13281250E+00  0.74095113E+00
 -0.13085938E+00  0.73265427E+00
 -0.12890625E+00  0.72424708E+00
 -0.12695312E+00  0.71573083E+00
 -0.12500000E+00  0.70710678E+00
 -0.12304688E+00  0.69837625E+00
 -0.12109375E+00  0.68954054E+00
 -0.11914062E+00  0.68060100E+00
 -0.11718750E+00  0.67155895E+00
 -0.11523438E+00  0.66241578E+00
 -0.11328125E+00  0.65317284E+00
 -0.11132812E+00  0.64383154E+00
 -0.10937500E+00  0.63439328E+00
 -0.10742188E+00  0.62485949E+00
 -0.10546875E+00  0.61523159E+00
 -0.10351562E+00  0.60551104E+00
 -0.10156250E+00  0.59569930E+00
 -0.99609375E-01  0.58579786E+00
 -0.97656250E-01  0.57580819E+00
 -0.95703125E-01  0.56573181E+00
 -0.93750000E-01  0.55557023E+00
 -0.91796875E-01  0.54532499E+00
 -0.89843750E-01  0.53499762E+00
 -0.87890625E-01  0.52458968E+00
 -0.85937500E-01  0.51410274E+00
 -0.83984375E-01  0.50353838E+00
 -0.82031250E-01  0.49289819E+00
 -0.80078125E-01  0.48218377E+00
 -0.78125000E-01  0.47139674E+00
 -0.76171875E-01  0.46053871E+00
 -0.74218750E-01  0.44961133E+00
 -0.72265625E-01  0.43861624E+00
 -0.70312500E-01  0.42755509E+00
 -0.68359375E-01  0.41642956E+00
 -0.66406250E-01  0.40524131E+00
 -0.64453125E-01  0.39399204E+00
 -0.62500000E-01  0.38268343E+00
 -0.60546875E-01  0.37131719E+00
 -0.58593750E-01  0.35989504E+00
 -0.56640625E-01  0.34841868E+00
 -0.54687500E-01  0.33688985E+00
 -0.52734375E-01  0.32531029E+00
 -0.50781250E-01  0.31368174E+00
 -0.48828125E-01  0.30200595E+00
 -0.46875000E-01  0.29028468E+00
 -0.44921875E-01  0.27851969E+00
 -0.42968750E-01  0.26671276E+00
 -0.41015625E-01  0.25486566E+00
 -0.39062500E-01  0.24298018E+00
 -0.37109375E-01  0.23105811E+00
 -0.35156250E-01  0.21910124E+00
 -0.33203125E-01  0.20711138E+00
 -0.31250000E-01  0.19509032E+00
 -0.29296875E-01  0.18303989E+00
 -0.27343750E-01  0.17096189E+00
 -0.25390625E-01  0.15885814E+00
 -0.23437500E-01  0.14673047E+00
 -0.21484375E-01  0.13458071E+00
 -0.19531250E-01  0.12241068E+00
 -0.17578125E-01  0.11022221E+00
 -0.15625000E-01  0.98017140E-01
 -0.13671875E-01  0.85797312E-01
 -0.11718750E-01  0.73564564E-01
 -0.97656250E-02  0.61320736E-01
 -0.78125000E-02  0.49067674E-01
 -0.58593750E-02  0.36807223E-01
 -0.39062500E-02  0.24541229E-01
 -0.19531250E-02  0.12271538E-01
  0.00000000E+00  0.11115622E-12
  0.19531250E-02 -0.12271538E-01
  0.39062500E-02 -0.24541229E-01
  0.58593750E-02 -0.36807223E-01
  0.78125000E-02 -0.49067674E-01
  0.97656250E-02 -0.61320736E-01
  0.11718750E-01 -0.73564564E-01
  0.13671875E-01 -0.85797312E-01
  0.15625000E-01 -0.98017140E-01
  0.17578125E-01 -0.11022221E+00
  0.19531250E-01 -0.12241068E+00
  0.21484375E-01 -0.13458071E+00
  0.23437500E-01 -0.14673047E+00
  0.25390625E-01 -0.15885814E+00
  0.27343750E-01 -0.17096189E+00
  0.29296875E-01 -0.18303989E+00
  0.31250000E-01 -0.19509032E+00
  0.33203125E-01 -0.20711138E+00
  0.35156250E-01 -0.21910124E+00
  0.37109375E-01 -0.23105811E+00
  0.39062500E-01 -0.24298018E+00
  0.41015625E-01 -0.25486566E+00
  0.42968750E-01 -0.26671276E+00
  0.44921875E-01 -0.27851969E+00
  0.46875000E-01 -0.29028468E+00
  0.48828125E-01 -0.30200595E+00
  0.50781250E-01 -0.31368174E+00
  0.52734375E-01 -0.32531029E+00
  0.54687500E-01 -0.33688985E+00
  0.56640625E-01 -0.34841868E+00
  0.58593750E-01 -0.35989504E+00
  0.60546875E-01 -0.37131719E+00
  0.62500000E-01 -0.38268343E+00
  0.64453125E-01 -0.39399204E+00
  0.66406250E-01 -0.40524131E+00
  0.68359375E-01 -0.41642956E+00
  0.70312500E-01 -0.42755509E+00
  0.72265625E-01 -0.43861624E+00
  0.74218750E-01 -0.44961133E+00
  0.76171875E-01 -0.46053871E+00
  0.78125000E-01 -0.47139674E+00
  0.80078125E-01 -0.48218377E+00
  0.82031250E-01 -0.49289819E+00
  0.83984375E-01 -0.50353838E+00
  0.85937500E-01 -0.51410274E+00
  0.87890625E-01 -0.52458968E+00
  0.89843750E-01 -0.53499762E+00
  0.91796875E-01 -0.54532499E+00
  0.93750000E-01 -0.55557023E+00
  0.95703125E-01 -0.56573181E+00
  0.97656250E-01 -0.57580819E+00
  0.99609375E-01 -0.58579786E+00
  0.10156250E+00 -0.59569930E+00
  0.10351562E+00 -0.60551104E+00
  0.10546875E+00 -0.61523159E+00
  0.10742188E+00 -0.62485949E+00
  0.10937500E+00 -0.63439328E+00
  0.11132812E+00 -0.64383154E+00
  0.11328125E+00 -0.65317284E+00
  0.11523438E+00 -0.66241578E+00
  0.11718750E+00 -0.67155895E+00
  0.11914062E+00 -0.68060100E+00
  0.12109375E+00 -0.68954054E+00
  0.12304688E+00 -0.69837625E+00
  0.12500000E+00 -0.70710678E+00
  0.12695312E+00 -0.71573083E+00
  0.12890625E+00 -0.72424708E+00
  0.13085938E+00 -0.73265427E+00
  0.13281250E+00 -0.74095113E+00
  0.13476562E+00 -0.74913639E+00
  0.13671875E+00 -0.75720885E+00
  0.13867188E+00 -0.76516727E+00
  0.14062500E+00 -0.77301045E+00
  0.14257812E+00 -0.78073723E+00
  0.14453125E+00 -0.78834643E+00
  0.14648438E+00 -0.79583690E+00
  0.14843750E+00 -0.80320753E+00
  0.15039062E+00 -0.81045720E+00
  0.15234375E+00 -0.81758481E+00
  0.15429688E+00 -0.82458930E+00
  0.15625000E+00 -0.83146961E+00
  0.15820312E+00 -0.83822471E+00
  0.16015625E+00 -0.84485357E+00
  0.16210938E+00 -0.85135519E+00
  0.16406250E+00 -0.85772861E+00
  0.16601562E+00 -0.86397286E+00
  0.16796875E+00 -0.87008699E+00
  0.16992188E+00 -0.87607009E+00
  0.17187500E+00 -0.88192126E+00
  0.17382812E+00 -0.88763962E+00
  0.17578125E+00 -0.89322430E+00
  0.17773438E+00 -0.89867447E+00
  0.17968750E+00 -0.90398929E+00
  0.18164062E+00 -0.90916798E+00
  0.18359375E+00 -0.91420976E+00
  0.18554688E+00 -0.91911385E+00
  0.18750000E+00 -0.92387953E+00
  0.18945312E+00 -0.92850608E+00
  0.19140625E+00 -0.93299280E+00
  0.19335938E+00 -0.93733901E+00
  0.19531250E+00 -0.94154407E+00
  0.19726562E+00 -0.94560733E+00
  0.19921875E+00 -0.94952818E+00
  0.20117188E+00 -0.95330604E+00
  0.20312500E+00 -0.95694034E+00
  0.20507812E+00 -0.96043052E+00
  0.20703125E+00 -0.96377607E+00
  0.20898438E+00 -0.96697647E+00
  0.21093750E+00 -0.97003125E+00
  0.21289062E+00 -0.97293995E+00
  0.21484375E+00 -0.97570213E+00
  0.21679688E+00 -0.97831737E+00
  0.21875000E+00 -0.98078528E+00
  0.22070312E+00 -0.98310549E+00
  0.22265625E+00 -0.98527764E+00
  0.22460938E+00 -0.98730142E+00
  0.22656250E+00 -0.98917651E+00
  0.22851562E+00 -0.99090264E+00
  0.23046875E+00 -0.99247953E+00
  0.23242188E+00 -0.99390697E+00
  0.23437500E+00 -0.99518473E+00
  0.23632812E+00 -0.99631261E+00
  0.23828125E+00 -0.99729046E+00
  0.24023438E+00 -0.99811811E+00
  0.24218750E+00 -0.99879546E+00
  0.24414062E+00 -0.99932238E+00
  0.24609375E+00 -0.99969882E+00
  0.24804688E+00 -0.99992470E+00
  0.25000000E+00 -0.10000000E+01
  0.25195312E+00 -0.99992470E+00
  0.25390625E+00 -0.99969882E+00
  0.25585938E+00 -0.99932238E+00
  0.25781250E+00 -0.99879546E+00
  0.25976562E+00 -0.99811811E+00
  0.26171875E+00 -0.99729046E+00
  0.26367188E+00 -0.99631261E+00
  0.26562500E+00 -0.99518473E+00
  0.26757812E+00 -0.99390697E+00
  0.26953125E+00 -0.99247953E+00
  0.27148438E+00 -0.99090264E+00
  0.27343750E+00 -0.98917651E+00
  0.27539062E+00 -0.98730142E+00
  0.27734375E+00 -0.98527764E+00
  0.27929688E+00 -0.98310549E+00
  0.28125000E+00 -0.98078528E+00
  0.28320312E+00 -0.97831737E+00
  0.28515625E+00 -0.97570213E+00
  0.28710938E+00 -0.97293995E+00
  0.28906250E+00 -0.97003125E+00
  0.29101562E+00 -0.96697647E+00
  0.29296875E+00 -0.96377607E+00
  0.29492188E+00 -0.96043052E+00
  0.29687500E+00 -0.95694034E+00
  0.29882812E+00 -0.95330604E+00
  0.30078125E+00 -0.94952818E+00
  0.30273438E+00 -0.94560733E+00
  0.30468750E+00 -0.94154407E+00
  0.30664062E+00 -0.93733901E+00
  0.30859375E+00 -0.93299280E+00
  0.31054688E+00 -0.92850608E+00
  0.31250000E+00 -0.92387953E+00
  0.31445312E+00 -0.91911385E+00
  0.31640625E+00 -0.91420976E+00
  0.31835938E+00 -0.90916798E+00
  0.32031250E+00 -0.90398929E+00
  0.32226562E+00 -0.89867447E+00
  0.32421875E+00 -0.89322430E+00
  0.32617188E+00 -0.88763962E+00
  0.32812500E+00 -0.88192126E+00
  0.33007812E+00 -0.87607009E+00
  0.33203125E+00 -0.87008699E+00
  0.33398438E+00 -0.86397286E+00
  0.33593750E+00 -0.85772861E+00
  0.33789062E+00 -0.85135519E+00
  0.33984375E+00 -0.84485357E+00
  0.34179688E+00 -0.83822471E+00
  0.34375000E+00 -0.83146961E+00
  0.34570312E+00 -0.82458930E+00
  0.34765625E+00 -0.81758481E+00
  0.34960938E+00 -0.81045720E+00
  0.35156250E+00 -0.80320753E+00
  0.35351562E+00 -0.79583690E+00
  0.35546875E+00 -0.78834643E+00
  0.35742188E+00 -0.78073723E+00
  0.35937500E+00 -0.77301045E+00
  0.36132812E+00 -0.76516727E+00
  0.36328125E+00 -0.75720885E+00
  0.36523438E+00 -0.74913639E+00
  0.36718750E+00 -0.74095113E+00
  0.36914062E+00 -0.73265427E+00
  0.37109375E+00 -0.72424708E+00
  0.37304688E+00 -0.71573083E+00
  0.37500000E+00 -0.70710678E+00
  0.37695312E+00 -0.69837625E+00
  0.37890625E+00 -0.68954054E+00
  0.38085938E+00 -0.68060100E+00
  0.38281250E+00 -0.67155895E+00
  0.38476562E+00 -0.66241578E+00
  0.38671875E+00 -0.65317284E+00
  0.38867188E+00 -0.64383154E+00
  0.39062500E+00 -0.63439328E+00
  0.39257812E+00 -0.62485949E+00
  0.39453125E+00 -0.61523159E+00
  0.39648438E+00 -0.60551104E+00
  0.39843750E+00 -0.59569930E+00
  0.40039062E+00 -0.58579786E+00
  0.40234375E+00 -0.57580819E+00
  0.40429688E+00 -0.56573181E+00
  0.40625000E+00 -0.55557023E+00
  0.40820312E+00 -0.54532499E+00
  0.41015625E+00 -0.53499762E+00
  0.41210938E+00 -0.52458968E+00
  0.41406250E+00 -0.51410274E+00
  0.41601562E+00 -0.50353838E+00
  0.41796875E+00 -0.49289819E+00
  0.41992188E+00 -0.48218377E+00
  0.42187500E+00 -0.47139674E+00
  0.42382812E+00 -0.46053871E+00
  0.42578125E+00 -0.44961133E+00
  0.42773438E+00 -0.43861624E+00
  0.42968750E+00 -0.42755509E+00
  0.43164062E+00 -0.41642956E+00
  0.43359375E+00 -0.40524131E+00
  0.43554688E+00 -0.39399204E+00
  0.43750000E+00 -0.38268343E+00
  0.43945312E+00 -0.37131719E+00
  0.44140625E+00 -0.35989504E+00
  0.44335938E+00 -0.34841868E+00
  0.44531250E+00 -0.33688985E+00
  0.44726562E+00 -0.32531029E+00
  0.44921875E+00 -0.31368174E+00
  0.45117188E+00 -0.30200595E+00
  0.45312500E+00 -0.29028468E+00
  0.45507812E+00 -0.27851969E+00
  0.45703125E+00 -0.26671276E+00
  0.45898438E+00 -0.25486566E+00
  0.46093750E+00 -0.24298018E+00
  0.46289062E+00 -0.23105811E+00
  0.46484375E+00 -0.21910124E+00
  0.46679688E+00 -0.20711138E+00
  0.46875000E+00 -0.19509032E+00
  0.47070312E+00 -0.18303989E+00
  0.47265625E+00 -0.17096189E+00
  0.47460938E+00 -0.15885814E+00
  0.47656250E+00 -0.14673047E+00
  0.47851562E+00 -0.13458071E+00
  0.48046875E+00 -0.12241068E+00
  0.48242188E+00 -0.11022221E+00
  0.48437500E+00 -0.98017140E-01
  0.48632812E+00 -0.85797312E-01
  0.48828125E+00 -0.73564564E-01
  0.49023438E+00 -0.61320736E-01
  0.49218750E+00 -0.49067674E-01
  0.49414062E+00 -0.36807223E-01
  0.49609375E+00 -0.24541229E-01
  0.49804688E+00 -0.12271538E-01
  0.50000000E+00 -0.14987169E-12
  0.50195312E+00  0.12271538E-01
  0.50390625E+00  0.24541229E-01
  0.50585938E+00  0.36807223E-01
  0.50781250E+00  0.49067674E-01
  0.50976562E+00  0.61320736E-01
  0.51171875E+00  0.73564564E-01
  0.51367188E+00  0.85797312E-01
  0.51562500E+00  0.98017140E-01
  0.51757812E+00  0.11022221E+00
  0.51953125E+00  0.12241068E+00
  0.52148438E+00  0.13458071E+00
  0.52343750E+00  0.14673047E+00
  0.52539062E+00  0.15885814E+00
  0.52734375E+00  0.17096189E+00
  0.52929688E+00  0.18303989E+00
  0.53125000E+00  0.19509032E+00
  0.53320312E+00  0.20711138E+00
  0.53515625E+00  0.21910124E+00
  0.53710938E+00  0.23105811E+00
  0.53906250E+00  0.24298018E+00
  0.54101562E+00  0.25486566E+00
  0.54296875E+00  0.26671276E+00
  0.54492188E+00  0.27851969E+00
  0.54687500E+00  0.29028468E+00
  0.54882812E+00  0.30200595E+00
  0.55078125E+00  0.31368174E+00
  0.55273438E+00  0.32531029E+00
  0.55468750E+00  0.33688985E+00
  0.55664062E+00  0.34841868E+00
  0.55859375E+00  0.35989504E+00
  0.56054688E+00  0.37131719E+00
  0.56250000E+00  0.38268343E+00
  0.56445312E+00  0.39399204E+00
  0.56640625E+00  0.40524131E+00
  0.56835938E+00  0.41642956E+00
  0.57031250E+00  0.42755509E+00
  0.57226562E+00  0.43861624E+00
  0.57421875E+00  0.44961133E+00
  0.57617188E+00  0.46053871E+00
  0.57812500E+00  0.47139674E+00
  0.58007812E+00  0.48218377E+00
  0.58203125E+00  0.49289819E+00
  0.58398438E+00  0.50353838E+00
  0.58593750E+00  0.51410274E+00
  0.58789062E+00  0.52458968E+00
  0.58984375E+00  0.53499762E+00
  0.59179688E+00  0.54532499E+00
  0.59375000E+00  0.55557023E+00
  0.59570312E+00  0.56573181E+00
  0.59765625E+00  0.57580819E+00
  0.59960938E+00  0.58579786E+00
  0.60156250E+00  0.59569930E+00
  0.60351562E+00  0.60551104E+00
  0.60546875E+00  0.61523159E+00
  0.60742188E+00  0.62485949E+00
  0.60937500E+00  0.63439328E+00
  0.61132812E+00  0.64383154E+00
  0.61328125E+00  0.65317284E+00
  0.61523438E+00  0.66241578E+00
  0.61718750E+00  0.67155895E+00
  0.61914062E+00  0.68060100E+00
  0.62109375E+00  0.68954054E+00
  0.62304688E+00  0.69837625E+00
  0.62500000E+00  0.70710678E+00
  0.62695312E+00  0.71573083E+00
  0.62890625E+00  0.72424708E+00
  0.63085938E+00  0.73265427E+00
  0.63281250E+00  0.74095113E+00
  0.63476562E+00  0.74913639E+00
  0.63671875E+00  0.75720885E+00
  0.63867188E+00  0.76516727E+00
  0.64062500E+00  0.77301045E+00
  0.64257812E+00  0.78073723E+00
  0.64453125E+00  0.78834643E+00
  0.64648438E+00  0.79583690E+00
  0.64843750E+00  0.80320753E+00
  0.65039062E+00  0.81045720E+00
  0.65234375E+00  0.81758481E+00
  0.65429688E+00  0.82458930E+00
  0.65625000E+00  0.83146961E+00
  0.65820312E+00  0.83822471E+00
  0.66015625E+00  0.84485357E+00
  0.66210938E+00  0.85135519E+00
  0.66406250E+00  0.85772861E+00
  0.66601562E+00  0.86397286E+00
  0.66796875E+00  0.87008699E+00
  0.66992188E+00  0.87607009E+00
  0.67187500E+00  0.88192126E+00
  0.67382812E+00  0.88763962E+00
  0.67578125E+00  0.89322430E+00
  0.67773438E+00  0.89867447E+00
  0.67968750E+00  0.90398929E+00
  0.68164062E+00  0.90916798E+00
  0.68359375E+00  0.91420976E+00
  0.68554688E+00  0.91911385E+00
  0.68750000E+00  0.92387953E+00
  0.68945312E+00  0.92850608E+00
  0.69140625E+00  0.93299280E+00
  0.69335938E+00  0.93733901E+00
  0.69531250E+00  0.94154407E+00
  0.69726562E+00  0.94560733E+00
  0.69921875E+00  0.94952818E+00
  0.70117188E+00  0.95330604E+00
  0.70312500E+00  0.95694034E+00
  0.70507812E+00  0.96043052E+00
  0.70703125E+00  0.96377607E+00
  0.70898438E+00  0.96697647E+00
  0.71093750E+00  0.97003125E+00
  0.71289062E+00  0.97293995E+00
  0.71484375E+00  0.97570213E+00
  0.71679688E+00  0.97831737E+00
  0.71875000E+00  0.98078528E+00
  0.72070312E+00  0.98310549E+00
  0.72265625E+00  0.98527764E+00
  0.72460938E+00  0.98730142E+00
  0.72656250E+00  0.98917651E+00
  0.72851562E+00  0.99090264E+00
  0.73046875E+00  0.99247953E+00
  0.73242188E+00  0.99390697E+00
  0.73437500E+00  0.99518473E+00
  0.73632812E+00  0.99631261E+00
  0.73828125E+00  0.99729046E+00
  0.74023438E+00  0.99811811E+00
  0.74218750E+00  0.99879546E+00
  0.74414062E+00  0.99932238E+00
  0.74609375E+00  0.99969882E+00
  0.74804688E+00  0.99992470E+00
  0.75000000E+00  0.10000000E+01
  0.75195312E+00  0.99992470E+00
  0.75390625E+00  0.99969882E+00
  0.75585938E+00  0.99932238E+00
  0.75781250E+00  0.99879546E+00
  0.75976562E+00  0.99811811E+00
  0.76171875E+00  0.99729046E+00
  0.76367188E+00  0.99631261E+00
  0.76562500E+00  0.99518473E+00
  0.76757812E+00  0.99390697E+00
  0.76953125E+00  0.99247953E+00
  0.77148438E+00  0.99090264E+00
  0.77343750E+00  0.98917651E+00
  0.77539062E+00  0.98730142E+00
  0.77734375E+00  0.98527764E+00
  0.77929688E+00  0.98310549E+00
  0.78125000E+00  0.98078528E+00
  0.78320312E+00  0.97831737E+00
  0.78515625E+00  0.97570213E+00
  0.78710938E+00  0.97293995E+00
  0.78906250E+00  0.97003125E+00
  0.79101562E+00  0.96697647E+00
  0.79296875E+00  0.96377607E+00
  0.79492188E+00  0.96043052E+00
  0.79687500E+00  0.95694034E+00
  0.79882812E+00  0.95330604E+00
  0.80078125E+00  0.94952818E+00
  0.80273438E+00  0.94560733E+00
  0.80468750E+00  0.94154407E+00
  0.80664062E+00  0.93733901E+00
  0.80859375E+00  0.93299280E+00
  0.81054688E+00  0.92850608E+00
  0.81250000E+00  0.92387953E+00
  0.81445312E+00  0.91911385E+00
  0.81640625E+00  0.91420976E+00
  0.81835938E+00  0.90916798E+00
  0.82031250E+00  0.90398929E+00
  0.82226562E+00  0.89867447E+00
  0.82421875E+00  0.89322430E+00
  0.82617188E+00  0.88763962E+00
  0.82812500E+00  0.88192126E+00
  0.83007812E+00  0.87607009E+00
  0.83203125E+00  0.87008699E+00
  0.83398438E+00  0.86397286E+00
  0.83593750E+00  0.85772861E+00
  0.83789062E+00  0.85135519E+00
  0.83984375E+00  0.84485357E+00
  0.84179688E+00  0.83822471E+00
  0.84375000E+00  0.83146961E+00
  0.84570312E+00  0.82458930E+00
  0.84765625E+00  0.81758481E+00
  0.84960938E+00  0.81045720E+00
  0.85156250E+00  0.80320753E+00
  0.85351562E+00  0.79583690E+00
  0.85546875E+00  0.78834643E+00
  0.85742188E+00  0.78073723E+00
  0.85937500E+00  0.77301045E+00
  0.86132812E+00  0.76516727E+00
  0.86328125E+00  0.75720885E+00
  0.86523438E+00  0.74913639E+00
  0.86718750E+00  0.74095113E+00
  0.86914062E+00  0.73265427E+00
  0.87109375E+00  0.72424708E+00
  0.87304688E+00  0.71573083E+00
  0.87500000E+00  0.70710678E+00
  0.87695312E+00  0.69837625E+00
  0.87890625E+00  0.68954054E+00
  0.88085938E+00  0.68060100E+00
  0.88281250E+00  0.67155895E+00
  0.88476562E+00  0.66241578E+00
  0.88671875E+00  0.65317284E+00
  0.88867188E+00  0.64383154E+00
  0.89062500E+00  0.63439328E+00
  0.89257812E+00  0.62485949E+00
  0.89453125E+00  0.61523159E+00
  0.89648438E+00  0.60551104E+00
  0.89843750E+00  0.59569930E+00
  0.90039062E+00  0.58579786E+00
  0.90234375E+00  0.57580819E+00
  0.90429688E+00  0.56573181E+00
  0.90625000E+00  0.55557023E+00
  0.90820312E+00  0.54532499E+00
  0.91015625E+00  0.53499762E+00
  0.91210938E+00  0.52458968E+00
  0.91406250E+00  0.51410274E+00
  0.91601562E+00  0.50353838E+00
  0.91796875E+00  0.49289819E+00
  0.91992188E+00  0.48218377E+00
  0.92187500E+00  0.47139674E+00
  0.92382812E+00  0.46053871E+00
  0.92578125E+00  0.44961133E+00
  0.92773438E+00  0.43861624E+00
  0.92968750E+00  0.42755509E+00
  0.93164062E+00  0.41642956E+00
  0.93359375E+00  0.40524131E+00
  0.93554688E+00  0.39399204E+00
  0.93750000E+00  0.38268343E+00
  0.93945312E+00  0.37131719E+00
  0.94140625E+00  0.35989504E+00
  0.94335938E+00  0.34841868E+00
  0.94531250E+00  0.33688985E+00
  0.94726562E+00  0.32531029E+00
  0.94921875E+00  0.31368174E+00
  0.95117188E+00  0.30200595E+00
  0.95312500E+00  0.29028468E+00
  0.95507812E+00  0.27851969E+00
  0.95703125E+00  0.26671276E+00
  0.95898438E+00  0.25486566E+00
  0.96093750E+00  0.24298018E+00
  0.96289062E+00  0.23105811E+00
  0.96484375E+00  0.21910124E+00
  0.96679688E+00  0.20711138E+00
  0.96875000E+00  0.19509032E+00
  0.97070312E+00  0.18303989E+00
  0.97265625E+00  0.17096189E+00
  0.97460938E+00  0.15885814E+00
  0.97656250E+00  0.14673047E+00
  0.97851562E+00  0.13458071E+00
  0.98046875E+00  0.12241068E+00
  0.98242188E+00  0.11022221E+00
  0.98437500E+00  0.98017140E-01
  0.98632812E+00  0.85797312E-01
  0.98828125E+00  0.73564564E-01
  0.99023438E+00  0.61320736E-01
  0.99218750E+00  0.49067674E-01
  0.99414062E+00  0.36807223E-01
  0.99609375E+00  0.24541229E-01
  0.99804688E+00  0.12271538E-01
