Test 1
X=
  0.1000E+01  0.0000E+00  0.0000E+00  0.0000E+00  0.0000E+00
  0.0000E+00  0.1000E+01  0.0000E+00  0.0000E+00  0.0000E+00
  0.0000E+00  0.0000E+00  0.1000E+01  0.0000E+00  0.0000E+00
  0.0000E+00  0.0000E+00  0.0000E+00  0.1000E+01  0.0000E+00
  0.0000E+00  0.0000E+00  0.0000E+00  0.0000E+00  0.1000E+01
Y=
  0.1000E+01  0.0000E+00  0.0000E+00  0.0000E+00  0.0000E+00
  0.0000E+00  0.1000E+01  0.0000E+00  0.0000E+00  0.0000E+00
  0.0000E+00  0.0000E+00  0.1000E+01  0.0000E+00  0.0000E+00
  0.0000E+00  0.0000E+00  0.0000E+00  0.1000E+01  0.0000E+00
  0.0000E+00  0.0000E+00  0.0000E+00  0.0000E+00  0.1000E+01
Test 2
X=
  0.5000E+01  0.5000E+01  0.5000E+01  0.5000E+01  0.5000E+01
  0.5000E+01  0.5000E+01  0.5000E+01  0.5000E+01  0.5000E+01
  0.5000E+01  0.5000E+01  0.5000E+01  0.5000E+01  0.5000E+01
  0.5000E+01  0.5000E+01  0.5000E+01  0.5000E+01  0.5000E+01
  0.5000E+01  0.5000E+01  0.5000E+01  0.5000E+01  0.5000E+01
Y=
  0.2500E+02  0.2500E+02  0.2500E+02  0.2500E+02  0.2500E+02
  0.2500E+02  0.2500E+02  0.2500E+02  0.2500E+02  0.2500E+02
  0.2500E+02  0.2500E+02  0.2500E+02  0.2500E+02  0.2500E+02
  0.2500E+02  0.2500E+02  0.2500E+02  0.2500E+02  0.2500E+02
  0.2500E+02  0.2500E+02  0.2500E+02  0.2500E+02  0.2500E+02
