# x, f(x), f(2x+1)
 -0.1000E+01  0.0000E+00  0.0000E+00
 -0.9000E+00  0.0000E+00  0.0000E+00
 -0.8000E+00  0.0000E+00  0.0000E+00
 -0.7000E+00  0.0000E+00  0.0000E+00
 -0.6000E+00  0.0000E+00  0.0000E+00
 -0.5000E+00  0.0000E+00  0.0000E+00
 -0.4000E+00  0.0000E+00  0.4472E+00
 -0.3000E+00  0.0000E+00  0.6325E+00
 -0.2000E+00  0.0000E+00  0.7746E+00
 -0.1000E+00  0.0000E+00  0.8944E+00
  0.0000E+00  0.0000E+00  0.1000E+01
  0.1000E+00  0.3162E+00  0.1095E+01
  0.2000E+00  0.4472E+00  0.1183E+01
  0.3000E+00  0.5477E+00  0.1265E+01
  0.4000E+00  0.6325E+00  0.1342E+01
  0.5000E+00  0.7071E+00  0.1414E+01
  0.6000E+00  0.7746E+00  0.1483E+01
  0.7000E+00  0.8367E+00  0.1549E+01
  0.8000E+00  0.8944E+00  0.1612E+01
  0.9000E+00  0.9487E+00  0.1673E+01
  0.1000E+01  0.1000E+01  0.1732E+01
