l=1 eigenvalue
 -0.38294798E+01
l=1 eigenvector
 -0.15973812E+00  0.38572601E+00 -0.57870794E+00  0.59446433E+00 -0.37068648E+00
l=2 eigenvalue
 -0.20459625E+00
l=2 eigenvector
  0.77432162E+00 -0.46637246E+00 -0.13526950E-01  0.32264869E+00 -0.28042398E+00
l=3 eigenvalue
  0.29453310E+01
l=3 eigenvector
  0.59517399E+00  0.57890520E+00 -0.30549904E+00 -0.28132023E+00  0.37170683E+00
A=
 1 2 0 0 0
 2 3 4 0 0
 0 4 5 6 0
 0 0 6 7 8
 0 0 0 8 9
l=1
Av-av=  0.22204460E-15  0.44408921E-15  0.17763568E-14  0.00000000E+00  0.15543122E-14
l=2
Av-av=  0.00000000E+00  0.00000000E+00  0.28666305E-15  0.69388939E-16  0.69388939E-16
l=3
Av-av=  0.88817842E-15  0.66613381E-15  0.55511151E-15  0.11102230E-15  0.44408921E-15
