 -0.99804688E+00  0.10345887E-02
 -0.99609375E+00  0.20692264E-02
 -0.99414062E+00  0.31039622E-02
 -0.99218750E+00  0.41388451E-02
 -0.99023438E+00  0.51739241E-02
 -0.98828125E+00  0.62092484E-02
 -0.98632812E+00  0.72448669E-02
 -0.98437500E+00  0.82808288E-02
 -0.98242188E+00  0.93171832E-02
 -0.98046875E+00  0.10353979E-01
 -0.97851562E+00  0.11391266E-01
 -0.97656250E+00  0.12429092E-01
 -0.97460938E+00  0.13467508E-01
 -0.97265625E+00  0.14506562E-01
 -0.97070312E+00  0.15546303E-01
 -0.96875000E+00  0.16586781E-01
 -0.96679688E+00  0.17628045E-01
 -0.96484375E+00  0.18670145E-01
 -0.96289062E+00  0.19713130E-01
 -0.96093750E+00  0.20757048E-01
 -0.95898438E+00  0.21801951E-01
 -0.95703125E+00  0.22847887E-01
 -0.95507812E+00  0.23894906E-01
 -0.95312500E+00  0.24943057E-01
 -0.95117188E+00  0.25992390E-01
 -0.94921875E+00  0.27042955E-01
 -0.94726562E+00  0.28094802E-01
 -0.94531250E+00  0.29147980E-01
 -0.94335938E+00  0.30202540E-01
 -0.94140625E+00  0.31258531E-01
 -0.93945312E+00  0.32316004E-01
 -0.93750000E+00  0.33375008E-01
 -0.93554688E+00  0.34435594E-01
 -0.93359375E+00  0.35497812E-01
 -0.93164062E+00  0.36561712E-01
 -0.92968750E+00  0.37627345E-01
 -0.92773438E+00  0.38694761E-01
 -0.92578125E+00  0.39764012E-01
 -0.92382812E+00  0.40835146E-01
 -0.92187500E+00  0.41908217E-01
 -0.91992188E+00  0.42983273E-01
 -0.91796875E+00  0.44060366E-01
 -0.91601562E+00  0.45139548E-01
 -0.91406250E+00  0.46220869E-01
 -0.91210938E+00  0.47304380E-01
 -0.91015625E+00  0.48390134E-01
 -0.90820312E+00  0.49478180E-01
 -0.90625000E+00  0.50568572E-01
 -0.90429688E+00  0.51661360E-01
 -0.90234375E+00  0.52756597E-01
 -0.90039062E+00  0.53854334E-01
 -0.89843750E+00  0.54954624E-01
 -0.89648438E+00  0.56057517E-01
 -0.89453125E+00  0.57163068E-01
 -0.89257812E+00  0.58271328E-01
 -0.89062500E+00  0.59382349E-01
 -0.88867188E+00  0.60496185E-01
 -0.88671875E+00  0.61612888E-01
 -0.88476562E+00  0.62732511E-01
 -0.88281250E+00  0.63855107E-01
 -0.88085938E+00  0.64980730E-01
 -0.87890625E+00  0.66109432E-01
 -0.87695312E+00  0.67241267E-01
 -0.87500000E+00  0.68376289E-01
 -0.87304688E+00  0.69514551E-01
 -0.87109375E+00  0.70656109E-01
 -0.86914062E+00  0.71801014E-01
 -0.86718750E+00  0.72949323E-01
 -0.86523438E+00  0.74101089E-01
 -0.86328125E+00  0.75256367E-01
 -0.86132812E+00  0.76415211E-01
 -0.85937500E+00  0.77577677E-01
 -0.85742188E+00  0.78743820E-01
 -0.85546875E+00  0.79913695E-01
 -0.85351562E+00  0.81087357E-01
 -0.85156250E+00  0.82264862E-01
 -0.84960938E+00  0.83446266E-01
 -0.84765625E+00  0.84631625E-01
 -0.84570312E+00  0.85820995E-01
 -0.84375000E+00  0.87014432E-01
 -0.84179688E+00  0.88211993E-01
 -0.83984375E+00  0.89413734E-01
 -0.83789062E+00  0.90619714E-01
 -0.83593750E+00  0.91829988E-01
 -0.83398438E+00  0.93044614E-01
 -0.83203125E+00  0.94263650E-01
 -0.83007812E+00  0.95487153E-01
 -0.82812500E+00  0.96715182E-01
 -0.82617188E+00  0.97947795E-01
 -0.82421875E+00  0.99185049E-01
 -0.82226562E+00  0.10042700E+00
 -0.82031250E+00  0.10167372E+00
 -0.81835938E+00  0.10292525E+00
 -0.81640625E+00  0.10418166E+00
 -0.81445312E+00  0.10544301E+00
 -0.81250000E+00  0.10670936E+00
 -0.81054688E+00  0.10798076E+00
 -0.80859375E+00  0.10925729E+00
 -0.80664062E+00  0.11053898E+00
 -0.80468750E+00  0.11182592E+00
 -0.80273438E+00  0.11311816E+00
 -0.80078125E+00  0.11441576E+00
 -0.79882812E+00  0.11571878E+00
 -0.79687500E+00  0.11702729E+00
 -0.79492188E+00  0.11834134E+00
 -0.79296875E+00  0.11966100E+00
 -0.79101562E+00  0.12098633E+00
 -0.78906250E+00  0.12231740E+00
 -0.78710938E+00  0.12365426E+00
 -0.78515625E+00  0.12499698E+00
 -0.78320312E+00  0.12634563E+00
 -0.78125000E+00  0.12770027E+00
 -0.77929688E+00  0.12906096E+00
 -0.77734375E+00  0.13042776E+00
 -0.77539062E+00  0.13180074E+00
 -0.77343750E+00  0.13317998E+00
 -0.77148438E+00  0.13456552E+00
 -0.76953125E+00  0.13595744E+00
 -0.76757812E+00  0.13735581E+00
 -0.76562500E+00  0.13876068E+00
 -0.76367188E+00  0.14017213E+00
 -0.76171875E+00  0.14159023E+00
 -0.75976562E+00  0.14301503E+00
 -0.75781250E+00  0.14444662E+00
 -0.75585938E+00  0.14588504E+00
 -0.75390625E+00  0.14733039E+00
 -0.75195312E+00  0.14878271E+00
 -0.75000000E+00  0.15024209E+00
 -0.74804688E+00  0.15170858E+00
 -0.74609375E+00  0.15318227E+00
 -0.74414062E+00  0.15466322E+00
 -0.74218750E+00  0.15615149E+00
 -0.74023438E+00  0.15764717E+00
 -0.73828125E+00  0.15915032E+00
 -0.73632812E+00  0.16066101E+00
 -0.73437500E+00  0.16217932E+00
 -0.73242188E+00  0.16370531E+00
 -0.73046875E+00  0.16523906E+00
 -0.72851562E+00  0.16678064E+00
 -0.72656250E+00  0.16833013E+00
 -0.72460938E+00  0.16988759E+00
 -0.72265625E+00  0.17145311E+00
 -0.72070312E+00  0.17302675E+00
 -0.71875000E+00  0.17460859E+00
 -0.71679688E+00  0.17619871E+00
 -0.71484375E+00  0.17779717E+00
 -0.71289062E+00  0.17940407E+00
 -0.71093750E+00  0.18101946E+00
 -0.70898438E+00  0.18264344E+00
 -0.70703125E+00  0.18427607E+00
 -0.70507812E+00  0.18591744E+00
 -0.70312500E+00  0.18756761E+00
 -0.70117188E+00  0.18922668E+00
 -0.69921875E+00  0.19089471E+00
 -0.69726562E+00  0.19257179E+00
 -0.69531250E+00  0.19425800E+00
 -0.69335938E+00  0.19595342E+00
 -0.69140625E+00  0.19765812E+00
 -0.68945312E+00  0.19937219E+00
 -0.68750000E+00  0.20109570E+00
 -0.68554688E+00  0.20282875E+00
 -0.68359375E+00  0.20457141E+00
 -0.68164062E+00  0.20632377E+00
 -0.67968750E+00  0.20808590E+00
 -0.67773438E+00  0.20985790E+00
 -0.67578125E+00  0.21163984E+00
 -0.67382812E+00  0.21343182E+00
 -0.67187500E+00  0.21523391E+00
 -0.66992188E+00  0.21704619E+00
 -0.66796875E+00  0.21886877E+00
 -0.66601562E+00  0.22070172E+00
 -0.66406250E+00  0.22254513E+00
 -0.66210938E+00  0.22439908E+00
 -0.66015625E+00  0.22626367E+00
 -0.65820312E+00  0.22813899E+00
 -0.65625000E+00  0.23002511E+00
 -0.65429688E+00  0.23192214E+00
 -0.65234375E+00  0.23383016E+00
 -0.65039062E+00  0.23574926E+00
 -0.64843750E+00  0.23767954E+00
 -0.64648438E+00  0.23962108E+00
 -0.64453125E+00  0.24157397E+00
 -0.64257812E+00  0.24353831E+00
 -0.64062500E+00  0.24551420E+00
 -0.63867188E+00  0.24750172E+00
 -0.63671875E+00  0.24950098E+00
 -0.63476562E+00  0.25151205E+00
 -0.63281250E+00  0.25353505E+00
 -0.63085938E+00  0.25557006E+00
 -0.62890625E+00  0.25761719E+00
 -0.62695312E+00  0.25967652E+00
 -0.62500000E+00  0.26174816E+00
 -0.62304688E+00  0.26383221E+00
 -0.62109375E+00  0.26592876E+00
 -0.61914062E+00  0.26803792E+00
 -0.61718750E+00  0.27015977E+00
 -0.61523438E+00  0.27229443E+00
 -0.61328125E+00  0.27444200E+00
 -0.61132812E+00  0.27660257E+00
 -0.60937500E+00  0.27877625E+00
 -0.60742188E+00  0.28096315E+00
 -0.60546875E+00  0.28316336E+00
 -0.60351562E+00  0.28537699E+00
 -0.60156250E+00  0.28760414E+00
 -0.59960938E+00  0.28984493E+00
 -0.59765625E+00  0.29209945E+00
 -0.59570312E+00  0.29436782E+00
 -0.59375000E+00  0.29665013E+00
 -0.59179688E+00  0.29894651E+00
 -0.58984375E+00  0.30125705E+00
 -0.58789062E+00  0.30358188E+00
 -0.58593750E+00  0.30592108E+00
 -0.58398438E+00  0.30827479E+00
 -0.58203125E+00  0.31064311E+00
 -0.58007812E+00  0.31302615E+00
 -0.57812500E+00  0.31542403E+00
 -0.57617188E+00  0.31783685E+00
 -0.57421875E+00  0.32026474E+00
 -0.57226562E+00  0.32270781E+00
 -0.57031250E+00  0.32516617E+00
 -0.56835938E+00  0.32763994E+00
 -0.56640625E+00  0.33012924E+00
 -0.56445312E+00  0.33263419E+00
 -0.56250000E+00  0.33515490E+00
 -0.56054688E+00  0.33769150E+00
 -0.55859375E+00  0.34024409E+00
 -0.55664062E+00  0.34281282E+00
 -0.55468750E+00  0.34539779E+00
 -0.55273438E+00  0.34799913E+00
 -0.55078125E+00  0.35061697E+00
 -0.54882812E+00  0.35325142E+00
 -0.54687500E+00  0.35590261E+00
 -0.54492188E+00  0.35857067E+00
 -0.54296875E+00  0.36125573E+00
 -0.54101562E+00  0.36395790E+00
 -0.53906250E+00  0.36667733E+00
 -0.53710938E+00  0.36941413E+00
 -0.53515625E+00  0.37216844E+00
 -0.53320312E+00  0.37494039E+00
 -0.53125000E+00  0.37773011E+00
 -0.52929688E+00  0.38053773E+00
 -0.52734375E+00  0.38336338E+00
 -0.52539062E+00  0.38620721E+00
 -0.52343750E+00  0.38906933E+00
 -0.52148438E+00  0.39194990E+00
 -0.51953125E+00  0.39484905E+00
 -0.51757812E+00  0.39776690E+00
 -0.51562500E+00  0.40070361E+00
 -0.51367188E+00  0.40365931E+00
 -0.51171875E+00  0.40663414E+00
 -0.50976562E+00  0.40962824E+00
 -0.50781250E+00  0.41264175E+00
 -0.50585938E+00  0.41567483E+00
 -0.50390625E+00  0.41872760E+00
 -0.50195312E+00  0.42180021E+00
 -0.50000000E+00  0.42489282E+00
 -0.49804688E+00  0.42800557E+00
 -0.49609375E+00  0.43113860E+00
 -0.49414062E+00  0.43429206E+00
 -0.49218750E+00  0.43746610E+00
 -0.49023438E+00  0.44066088E+00
 -0.48828125E+00  0.44387654E+00
 -0.48632812E+00  0.44711324E+00
 -0.48437500E+00  0.45037113E+00
 -0.48242188E+00  0.45365037E+00
 -0.48046875E+00  0.45695110E+00
 -0.47851562E+00  0.46027349E+00
 -0.47656250E+00  0.46361769E+00
 -0.47460938E+00  0.46698387E+00
 -0.47265625E+00  0.47037218E+00
 -0.47070312E+00  0.47378278E+00
 -0.46875000E+00  0.47721584E+00
 -0.46679688E+00  0.48067151E+00
 -0.46484375E+00  0.48414996E+00
 -0.46289062E+00  0.48765136E+00
 -0.46093750E+00  0.49117587E+00
 -0.45898438E+00  0.49472366E+00
 -0.45703125E+00  0.49829490E+00
 -0.45507812E+00  0.50188975E+00
 -0.45312500E+00  0.50550839E+00
 -0.45117188E+00  0.50915098E+00
 -0.44921875E+00  0.51281771E+00
 -0.44726562E+00  0.51650874E+00
 -0.44531250E+00  0.52022425E+00
 -0.44335938E+00  0.52396441E+00
 -0.44140625E+00  0.52772941E+00
 -0.43945312E+00  0.53151942E+00
 -0.43750000E+00  0.53533461E+00
 -0.43554688E+00  0.53917518E+00
 -0.43359375E+00  0.54304131E+00
 -0.43164062E+00  0.54693317E+00
 -0.42968750E+00  0.55085095E+00
 -0.42773438E+00  0.55479483E+00
 -0.42578125E+00  0.55876501E+00
 -0.42382812E+00  0.56276168E+00
 -0.42187500E+00  0.56678501E+00
 -0.41992188E+00  0.57083521E+00
 -0.41796875E+00  0.57491246E+00
 -0.41601562E+00  0.57901695E+00
 -0.41406250E+00  0.58314889E+00
 -0.41210938E+00  0.58730847E+00
 -0.41015625E+00  0.59149588E+00
 -0.40820312E+00  0.59571132E+00
 -0.40625000E+00  0.59995500E+00
 -0.40429688E+00  0.60422711E+00
 -0.40234375E+00  0.60852785E+00
 -0.40039062E+00  0.61285744E+00
 -0.39843750E+00  0.61721607E+00
 -0.39648438E+00  0.62160396E+00
 -0.39453125E+00  0.62602130E+00
 -0.39257812E+00  0.63046832E+00
 -0.39062500E+00  0.63494521E+00
 -0.38867188E+00  0.63945219E+00
 -0.38671875E+00  0.64398949E+00
 -0.38476562E+00  0.64855730E+00
 -0.38281250E+00  0.65315585E+00
 -0.38085938E+00  0.65778535E+00
 -0.37890625E+00  0.66244603E+00
 -0.37695312E+00  0.66713811E+00
 -0.37500000E+00  0.67186180E+00
 -0.37304688E+00  0.67661734E+00
 -0.37109375E+00  0.68140494E+00
 -0.36914062E+00  0.68622484E+00
 -0.36718750E+00  0.69107726E+00
 -0.36523438E+00  0.69596243E+00
 -0.36328125E+00  0.70088058E+00
 -0.36132812E+00  0.70583196E+00
 -0.35937500E+00  0.71081678E+00
 -0.35742188E+00  0.71583529E+00
 -0.35546875E+00  0.72088773E+00
 -0.35351562E+00  0.72597434E+00
 -0.35156250E+00  0.73109535E+00
 -0.34960938E+00  0.73625101E+00
 -0.34765625E+00  0.74144156E+00
 -0.34570312E+00  0.74666725E+00
 -0.34375000E+00  0.75192833E+00
 -0.34179688E+00  0.75722505E+00
 -0.33984375E+00  0.76255765E+00
 -0.33789062E+00  0.76792639E+00
 -0.33593750E+00  0.77333153E+00
 -0.33398438E+00  0.77877332E+00
 -0.33203125E+00  0.78425202E+00
 -0.33007812E+00  0.78970805E+00
 -0.32812500E+00  0.79514126E+00
 -0.32617188E+00  0.80055149E+00
 -0.32421875E+00  0.80593859E+00
 -0.32226562E+00  0.81130239E+00
 -0.32031250E+00  0.81664274E+00
 -0.31835938E+00  0.82195949E+00
 -0.31640625E+00  0.82725249E+00
 -0.31445312E+00  0.83252158E+00
 -0.31250000E+00  0.83776661E+00
 -0.31054688E+00  0.84298743E+00
 -0.30859375E+00  0.84818388E+00
 -0.30664062E+00  0.85335583E+00
 -0.30468750E+00  0.85850311E+00
 -0.30273438E+00  0.86362557E+00
 -0.30078125E+00  0.86872308E+00
 -0.29882812E+00  0.87379549E+00
 -0.29687500E+00  0.87884264E+00
 -0.29492188E+00  0.88386439E+00
 -0.29296875E+00  0.88886059E+00
 -0.29101562E+00  0.89383111E+00
 -0.28906250E+00  0.89877580E+00
 -0.28710938E+00  0.90369451E+00
 -0.28515625E+00  0.90858710E+00
 -0.28320312E+00  0.91345343E+00
 -0.28125000E+00  0.91829337E+00
 -0.27929688E+00  0.92310677E+00
 -0.27734375E+00  0.92789348E+00
 -0.27539062E+00  0.93265339E+00
 -0.27343750E+00  0.93738633E+00
 -0.27148438E+00  0.94209219E+00
 -0.26953125E+00  0.94677082E+00
 -0.26757812E+00  0.95142209E+00
 -0.26562500E+00  0.95604586E+00
 -0.26367188E+00  0.96064200E+00
 -0.26171875E+00  0.96521038E+00
 -0.25976562E+00  0.96975086E+00
 -0.25781250E+00  0.97426331E+00
 -0.25585938E+00  0.97874761E+00
 -0.25390625E+00  0.98320363E+00
 -0.25195312E+00  0.98763122E+00
 -0.25000000E+00  0.99203028E+00
 -0.24804688E+00  0.99640066E+00
 -0.24609375E+00  0.10007423E+01
 -0.24414062E+00  0.10050549E+01
 -0.24218750E+00  0.10093385E+01
 -0.24023438E+00  0.10135930E+01
 -0.23828125E+00  0.10178181E+01
 -0.23632812E+00  0.10220139E+01
 -0.23437500E+00  0.10261801E+01
 -0.23242188E+00  0.10303166E+01
 -0.23046875E+00  0.10344234E+01
 -0.22851562E+00  0.10385003E+01
 -0.22656250E+00  0.10425471E+01
 -0.22460938E+00  0.10465639E+01
 -0.22265625E+00  0.10505504E+01
 -0.22070312E+00  0.10545065E+01
 -0.21875000E+00  0.10584321E+01
 -0.21679688E+00  0.10623272E+01
 -0.21484375E+00  0.10661915E+01
 -0.21289062E+00  0.10700251E+01
 -0.21093750E+00  0.10738277E+01
 -0.20898438E+00  0.10775993E+01
 -0.20703125E+00  0.10813397E+01
 -0.20507812E+00  0.10850489E+01
 -0.20312500E+00  0.10887268E+01
 -0.20117188E+00  0.10923731E+01
 -0.19921875E+00  0.10959879E+01
 -0.19726562E+00  0.10995710E+01
 -0.19531250E+00  0.11031224E+01
 -0.19335938E+00  0.11066419E+01
 -0.19140625E+00  0.11101293E+01
 -0.18945312E+00  0.11135847E+01
 -0.18750000E+00  0.11170079E+01
 -0.18554688E+00  0.11203989E+01
 -0.18359375E+00  0.11237574E+01
 -0.18164062E+00  0.11270835E+01
 -0.17968750E+00  0.11303770E+01
 -0.17773438E+00  0.11336378E+01
 -0.17578125E+00  0.11368659E+01
 -0.17382812E+00  0.11400611E+01
 -0.17187500E+00  0.11432234E+01
 -0.16992188E+00  0.11463526E+01
 -0.16796875E+00  0.11494487E+01
 -0.16601562E+00  0.11525116E+01
 -0.16406250E+00  0.11555412E+01
 -0.16210938E+00  0.11585373E+01
 -0.16015625E+00  0.11615000E+01
 -0.15820312E+00  0.11644292E+01
 -0.15625000E+00  0.11673246E+01
 -0.15429688E+00  0.11701864E+01
 -0.15234375E+00  0.11730143E+01
 -0.15039062E+00  0.11758083E+01
 -0.14843750E+00  0.11785683E+01
 -0.14648438E+00  0.11812943E+01
 -0.14453125E+00  0.11839861E+01
 -0.14257812E+00  0.11866437E+01
 -0.14062500E+00  0.11892671E+01
 -0.13867188E+00  0.11918560E+01
 -0.13671875E+00  0.11944105E+01
 -0.13476562E+00  0.11969305E+01
 -0.13281250E+00  0.11994159E+01
 -0.13085938E+00  0.12018666E+01
 -0.12890625E+00  0.12042826E+01
 -0.12695312E+00  0.12066638E+01
 -0.12500000E+00  0.12090101E+01
 -0.12304688E+00  0.12113215E+01
 -0.12109375E+00  0.12135979E+01
 -0.11914062E+00  0.12158391E+01
 -0.11718750E+00  0.12180453E+01
 -0.11523438E+00  0.12202163E+01
 -0.11328125E+00  0.12223519E+01
 -0.11132812E+00  0.12244523E+01
 -0.10937500E+00  0.12265173E+01
 -0.10742188E+00  0.12285468E+01
 -0.10546875E+00  0.12305408E+01
 -0.10351562E+00  0.12324993E+01
 -0.10156250E+00  0.12344221E+01
 -0.99609375E-01  0.12363093E+01
 -0.97656250E-01  0.12381607E+01
 -0.95703125E-01  0.12399764E+01
 -0.93750000E-01  0.12417562E+01
 -0.91796875E-01  0.12435001E+01
 -0.89843750E-01  0.12452081E+01
 -0.87890625E-01  0.12468801E+01
 -0.85937500E-01  0.12485161E+01
 -0.83984375E-01  0.12501160E+01
 -0.82031250E-01  0.12516797E+01
 -0.80078125E-01  0.12532073E+01
 -0.78125000E-01  0.12546987E+01
 -0.76171875E-01  0.12561538E+01
 -0.74218750E-01  0.12575726E+01
 -0.72265625E-01  0.12589550E+01
 -0.70312500E-01  0.12603011E+01
 -0.68359375E-01  0.12616107E+01
 -0.66406250E-01  0.12628839E+01
 -0.64453125E-01  0.12641206E+01
 -0.62500000E-01  0.12653208E+01
 -0.60546875E-01  0.12664843E+01
 -0.58593750E-01  0.12676113E+01
 -0.56640625E-01  0.12687017E+01
 -0.54687500E-01  0.12697553E+01
 -0.52734375E-01  0.12707723E+01
 -0.50781250E-01  0.12717526E+01
 -0.48828125E-01  0.12726961E+01
 -0.46875000E-01  0.12736028E+01
 -0.44921875E-01  0.12744727E+01
 -0.42968750E-01  0.12753058E+01
 -0.41015625E-01  0.12761020E+01
 -0.39062500E-01  0.12768614E+01
 -0.37109375E-01  0.12775838E+01
 -0.35156250E-01  0.12782694E+01
 -0.33203125E-01  0.12789179E+01
 -0.31250000E-01  0.12795295E+01
 -0.29296875E-01  0.12801042E+01
 -0.27343750E-01  0.12806418E+01
 -0.25390625E-01  0.12811425E+01
 -0.23437500E-01  0.12816061E+01
 -0.21484375E-01  0.12820326E+01
 -0.19531250E-01  0.12824221E+01
 -0.17578125E-01  0.12827746E+01
 -0.15625000E-01  0.12830900E+01
 -0.13671875E-01  0.12833683E+01
 -0.11718750E-01  0.12836095E+01
 -0.97656250E-02  0.12838136E+01
 -0.78125000E-02  0.12839806E+01
 -0.58593750E-02  0.12841105E+01
 -0.39062500E-02  0.12842033E+01
 -0.19531250E-02  0.12842590E+01
  0.00000000E+00  0.12842775E+01
  0.19531250E-02  0.12842590E+01
  0.39062500E-02  0.12842033E+01
  0.58593750E-02  0.12841105E+01
  0.78125000E-02  0.12839806E+01
  0.97656250E-02  0.12838136E+01
  0.11718750E-01  0.12836095E+01
  0.13671875E-01  0.12833683E+01
  0.15625000E-01  0.12830900E+01
  0.17578125E-01  0.12827746E+01
  0.19531250E-01  0.12824221E+01
  0.21484375E-01  0.12820326E+01
  0.23437500E-01  0.12816061E+01
  0.25390625E-01  0.12811425E+01
  0.27343750E-01  0.12806418E+01
  0.29296875E-01  0.12801042E+01
  0.31250000E-01  0.12795295E+01
  0.33203125E-01  0.12789179E+01
  0.35156250E-01  0.12782694E+01
  0.37109375E-01  0.12775838E+01
  0.39062500E-01  0.12768614E+01
  0.41015625E-01  0.12761020E+01
  0.42968750E-01  0.12753058E+01
  0.44921875E-01  0.12744727E+01
  0.46875000E-01  0.12736028E+01
  0.48828125E-01  0.12726961E+01
  0.50781250E-01  0.12717526E+01
  0.52734375E-01  0.12707723E+01
  0.54687500E-01  0.12697553E+01
  0.56640625E-01  0.12687017E+01
  0.58593750E-01  0.12676113E+01
  0.60546875E-01  0.12664843E+01
  0.62500000E-01  0.12653208E+01
  0.64453125E-01  0.12641206E+01
  0.66406250E-01  0.12628839E+01
  0.68359375E-01  0.12616107E+01
  0.70312500E-01  0.12603011E+01
  0.72265625E-01  0.12589550E+01
  0.74218750E-01  0.12575726E+01
  0.76171875E-01  0.12561538E+01
  0.78125000E-01  0.12546987E+01
  0.80078125E-01  0.12532073E+01
  0.82031250E-01  0.12516797E+01
  0.83984375E-01  0.12501160E+01
  0.85937500E-01  0.12485161E+01
  0.87890625E-01  0.12468801E+01
  0.89843750E-01  0.12452081E+01
  0.91796875E-01  0.12435001E+01
  0.93750000E-01  0.12417562E+01
  0.95703125E-01  0.12399764E+01
  0.97656250E-01  0.12381607E+01
  0.99609375E-01  0.12363093E+01
  0.10156250E+00  0.12344221E+01
  0.10351562E+00  0.12324993E+01
  0.10546875E+00  0.12305408E+01
  0.10742188E+00  0.12285468E+01
  0.10937500E+00  0.12265173E+01
  0.11132812E+00  0.12244523E+01
  0.11328125E+00  0.12223519E+01
  0.11523438E+00  0.12202163E+01
  0.11718750E+00  0.12180453E+01
  0.11914062E+00  0.12158391E+01
  0.12109375E+00  0.12135979E+01
  0.12304688E+00  0.12113215E+01
  0.12500000E+00  0.12090101E+01
  0.12695312E+00  0.12066638E+01
  0.12890625E+00  0.12042826E+01
  0.13085938E+00  0.12018666E+01
  0.13281250E+00  0.11994159E+01
  0.13476562E+00  0.11969305E+01
  0.13671875E+00  0.11944105E+01
  0.13867188E+00  0.11918560E+01
  0.14062500E+00  0.11892671E+01
  0.14257812E+00  0.11866437E+01
  0.14453125E+00  0.11839861E+01
  0.14648438E+00  0.11812943E+01
  0.14843750E+00  0.11785683E+01
  0.15039062E+00  0.11758083E+01
  0.15234375E+00  0.11730143E+01
  0.15429688E+00  0.11701864E+01
  0.15625000E+00  0.11673246E+01
  0.15820312E+00  0.11644292E+01
  0.16015625E+00  0.11615000E+01
  0.16210938E+00  0.11585373E+01
  0.16406250E+00  0.11555412E+01
  0.16601562E+00  0.11525116E+01
  0.16796875E+00  0.11494487E+01
  0.16992188E+00  0.11463526E+01
  0.17187500E+00  0.11432234E+01
  0.17382812E+00  0.11400611E+01
  0.17578125E+00  0.11368659E+01
  0.17773438E+00  0.11336378E+01
  0.17968750E+00  0.11303770E+01
  0.18164062E+00  0.11270835E+01
  0.18359375E+00  0.11237574E+01
  0.18554688E+00  0.11203989E+01
  0.18750000E+00  0.11170079E+01
  0.18945312E+00  0.11135847E+01
  0.19140625E+00  0.11101293E+01
  0.19335938E+00  0.11066419E+01
  0.19531250E+00  0.11031224E+01
  0.19726562E+00  0.10995710E+01
  0.19921875E+00  0.10959879E+01
  0.20117188E+00  0.10923731E+01
  0.20312500E+00  0.10887268E+01
  0.20507812E+00  0.10850489E+01
  0.20703125E+00  0.10813397E+01
  0.20898438E+00  0.10775993E+01
  0.21093750E+00  0.10738277E+01
  0.21289062E+00  0.10700251E+01
  0.21484375E+00  0.10661915E+01
  0.21679688E+00  0.10623272E+01
  0.21875000E+00  0.10584321E+01
  0.22070312E+00  0.10545065E+01
  0.22265625E+00  0.10505504E+01
  0.22460938E+00  0.10465639E+01
  0.22656250E+00  0.10425471E+01
  0.22851562E+00  0.10385003E+01
  0.23046875E+00  0.10344234E+01
  0.23242188E+00  0.10303166E+01
  0.23437500E+00  0.10261801E+01
  0.23632812E+00  0.10220139E+01
  0.23828125E+00  0.10178181E+01
  0.24023438E+00  0.10135930E+01
  0.24218750E+00  0.10093385E+01
  0.24414062E+00  0.10050549E+01
  0.24609375E+00  0.10007423E+01
  0.24804688E+00  0.99640066E+00
  0.25000000E+00  0.99203028E+00
  0.25195312E+00  0.98763122E+00
  0.25390625E+00  0.98320363E+00
  0.25585938E+00  0.97874761E+00
  0.25781250E+00  0.97426331E+00
  0.25976562E+00  0.96975086E+00
  0.26171875E+00  0.96521038E+00
  0.26367188E+00  0.96064200E+00
  0.26562500E+00  0.95604586E+00
  0.26757812E+00  0.95142209E+00
  0.26953125E+00  0.94677082E+00
  0.27148438E+00  0.94209219E+00
  0.27343750E+00  0.93738633E+00
  0.27539062E+00  0.93265339E+00
  0.27734375E+00  0.92789348E+00
  0.27929688E+00  0.92310677E+00
  0.28125000E+00  0.91829337E+00
  0.28320312E+00  0.91345343E+00
  0.28515625E+00  0.90858710E+00
  0.28710938E+00  0.90369451E+00
  0.28906250E+00  0.89877580E+00
  0.29101562E+00  0.89383111E+00
  0.29296875E+00  0.88886059E+00
  0.29492188E+00  0.88386439E+00
  0.29687500E+00  0.87884264E+00
  0.29882812E+00  0.87379549E+00
  0.30078125E+00  0.86872308E+00
  0.30273438E+00  0.86362557E+00
  0.30468750E+00  0.85850311E+00
  0.30664062E+00  0.85335583E+00
  0.30859375E+00  0.84818388E+00
  0.31054688E+00  0.84298743E+00
  0.31250000E+00  0.83776661E+00
  0.31445312E+00  0.83252158E+00
  0.31640625E+00  0.82725249E+00
  0.31835938E+00  0.82195949E+00
  0.32031250E+00  0.81664274E+00
  0.32226562E+00  0.81130239E+00
  0.32421875E+00  0.80593859E+00
  0.32617188E+00  0.80055149E+00
  0.32812500E+00  0.79514126E+00
  0.33007812E+00  0.78970805E+00
  0.33203125E+00  0.78425202E+00
  0.33398438E+00  0.77877332E+00
  0.33593750E+00  0.77333153E+00
  0.33789062E+00  0.76792639E+00
  0.33984375E+00  0.76255765E+00
  0.34179688E+00  0.75722505E+00
  0.34375000E+00  0.75192833E+00
  0.34570312E+00  0.74666725E+00
  0.34765625E+00  0.74144156E+00
  0.34960938E+00  0.73625101E+00
  0.35156250E+00  0.73109535E+00
  0.35351562E+00  0.72597434E+00
  0.35546875E+00  0.72088773E+00
  0.35742188E+00  0.71583529E+00
  0.35937500E+00  0.71081678E+00
  0.36132812E+00  0.70583196E+00
  0.36328125E+00  0.70088058E+00
  0.36523438E+00  0.69596243E+00
  0.36718750E+00  0.69107726E+00
  0.36914062E+00  0.68622484E+00
  0.37109375E+00  0.68140494E+00
  0.37304688E+00  0.67661734E+00
  0.37500000E+00  0.67186180E+00
  0.37695312E+00  0.66713811E+00
  0.37890625E+00  0.66244603E+00
  0.38085938E+00  0.65778535E+00
  0.38281250E+00  0.65315585E+00
  0.38476562E+00  0.64855730E+00
  0.38671875E+00  0.64398949E+00
  0.38867188E+00  0.63945219E+00
  0.39062500E+00  0.63494521E+00
  0.39257812E+00  0.63046832E+00
  0.39453125E+00  0.62602130E+00
  0.39648438E+00  0.62160396E+00
  0.39843750E+00  0.61721607E+00
  0.40039062E+00  0.61285744E+00
  0.40234375E+00  0.60852785E+00
  0.40429688E+00  0.60422711E+00
  0.40625000E+00  0.59995500E+00
  0.40820312E+00  0.59571132E+00
  0.41015625E+00  0.59149588E+00
  0.41210938E+00  0.58730847E+00
  0.41406250E+00  0.58314889E+00
  0.41601562E+00  0.57901695E+00
  0.41796875E+00  0.57491246E+00
  0.41992188E+00  0.57083521E+00
  0.42187500E+00  0.56678501E+00
  0.42382812E+00  0.56276168E+00
  0.42578125E+00  0.55876501E+00
  0.42773438E+00  0.55479483E+00
  0.42968750E+00  0.55085095E+00
  0.43164062E+00  0.54693317E+00
  0.43359375E+00  0.54304131E+00
  0.43554688E+00  0.53917518E+00
  0.43750000E+00  0.53533461E+00
  0.43945312E+00  0.53151942E+00
  0.44140625E+00  0.52772941E+00
  0.44335938E+00  0.52396441E+00
  0.44531250E+00  0.52022425E+00
  0.44726562E+00  0.51650874E+00
  0.44921875E+00  0.51281771E+00
  0.45117188E+00  0.50915098E+00
  0.45312500E+00  0.50550839E+00
  0.45507812E+00  0.50188975E+00
  0.45703125E+00  0.49829490E+00
  0.45898438E+00  0.49472366E+00
  0.46093750E+00  0.49117587E+00
  0.46289062E+00  0.48765136E+00
  0.46484375E+00  0.48414996E+00
  0.46679688E+00  0.48067151E+00
  0.46875000E+00  0.47721584E+00
  0.47070312E+00  0.47378278E+00
  0.47265625E+00  0.47037218E+00
  0.47460938E+00  0.46698387E+00
  0.47656250E+00  0.46361769E+00
  0.47851562E+00  0.46027349E+00
  0.48046875E+00  0.45695110E+00
  0.48242188E+00  0.45365037E+00
  0.48437500E+00  0.45037113E+00
  0.48632812E+00  0.44711324E+00
  0.48828125E+00  0.44387654E+00
  0.49023438E+00  0.44066088E+00
  0.49218750E+00  0.43746610E+00
  0.49414062E+00  0.43429206E+00
  0.49609375E+00  0.43113860E+00
  0.49804688E+00  0.42800557E+00
  0.50000000E+00  0.42489282E+00
  0.50195312E+00  0.42180021E+00
  0.50390625E+00  0.41872760E+00
  0.50585938E+00  0.41567483E+00
  0.50781250E+00  0.41264175E+00
  0.50976562E+00  0.40962824E+00
  0.51171875E+00  0.40663414E+00
  0.51367188E+00  0.40365931E+00
  0.51562500E+00  0.40070361E+00
  0.51757812E+00  0.39776690E+00
  0.51953125E+00  0.39484905E+00
  0.52148438E+00  0.39194990E+00
  0.52343750E+00  0.38906933E+00
  0.52539062E+00  0.38620721E+00
  0.52734375E+00  0.38336338E+00
  0.52929688E+00  0.38053773E+00
  0.53125000E+00  0.37773011E+00
  0.53320312E+00  0.37494039E+00
  0.53515625E+00  0.37216844E+00
  0.53710938E+00  0.36941413E+00
  0.53906250E+00  0.36667733E+00
  0.54101562E+00  0.36395790E+00
  0.54296875E+00  0.36125573E+00
  0.54492188E+00  0.35857067E+00
  0.54687500E+00  0.35590261E+00
  0.54882812E+00  0.35325142E+00
  0.55078125E+00  0.35061697E+00
  0.55273438E+00  0.34799913E+00
  0.55468750E+00  0.34539779E+00
  0.55664062E+00  0.34281282E+00
  0.55859375E+00  0.34024409E+00
  0.56054688E+00  0.33769150E+00
  0.56250000E+00  0.33515490E+00
  0.56445312E+00  0.33263419E+00
  0.56640625E+00  0.33012924E+00
  0.56835938E+00  0.32763994E+00
  0.57031250E+00  0.32516617E+00
  0.57226562E+00  0.32270781E+00
  0.57421875E+00  0.32026474E+00
  0.57617188E+00  0.31783685E+00
  0.57812500E+00  0.31542403E+00
  0.58007812E+00  0.31302615E+00
  0.58203125E+00  0.31064311E+00
  0.58398438E+00  0.30827479E+00
  0.58593750E+00  0.30592108E+00
  0.58789062E+00  0.30358188E+00
  0.58984375E+00  0.30125705E+00
  0.59179688E+00  0.29894651E+00
  0.59375000E+00  0.29665013E+00
  0.59570312E+00  0.29436782E+00
  0.59765625E+00  0.29209945E+00
  0.59960938E+00  0.28984493E+00
  0.60156250E+00  0.28760414E+00
  0.60351562E+00  0.28537699E+00
  0.60546875E+00  0.28316336E+00
  0.60742188E+00  0.28096315E+00
  0.60937500E+00  0.27877625E+00
  0.61132812E+00  0.27660257E+00
  0.61328125E+00  0.27444200E+00
  0.61523438E+00  0.27229443E+00
  0.61718750E+00  0.27015977E+00
  0.61914062E+00  0.26803792E+00
  0.62109375E+00  0.26592876E+00
  0.62304688E+00  0.26383221E+00
  0.62500000E+00  0.26174816E+00
  0.62695312E+00  0.25967652E+00
  0.62890625E+00  0.25761719E+00
  0.63085938E+00  0.25557006E+00
  0.63281250E+00  0.25353505E+00
  0.63476562E+00  0.25151205E+00
  0.63671875E+00  0.24950098E+00
  0.63867188E+00  0.24750172E+00
  0.64062500E+00  0.24551420E+00
  0.64257812E+00  0.24353831E+00
  0.64453125E+00  0.24157397E+00
  0.64648438E+00  0.23962108E+00
  0.64843750E+00  0.23767954E+00
  0.65039062E+00  0.23574926E+00
  0.65234375E+00  0.23383016E+00
  0.65429688E+00  0.23192214E+00
  0.65625000E+00  0.23002511E+00
  0.65820312E+00  0.22813899E+00
  0.66015625E+00  0.22626367E+00
  0.66210938E+00  0.22439908E+00
  0.66406250E+00  0.22254513E+00
  0.66601562E+00  0.22070172E+00
  0.66796875E+00  0.21886877E+00
  0.66992188E+00  0.21704619E+00
  0.67187500E+00  0.21523391E+00
  0.67382812E+00  0.21343182E+00
  0.67578125E+00  0.21163984E+00
  0.67773438E+00  0.20985790E+00
  0.67968750E+00  0.20808590E+00
  0.68164062E+00  0.20632377E+00
  0.68359375E+00  0.20457141E+00
  0.68554688E+00  0.20282875E+00
  0.68750000E+00  0.20109570E+00
  0.68945312E+00  0.19937219E+00
  0.69140625E+00  0.19765812E+00
  0.69335938E+00  0.19595342E+00
  0.69531250E+00  0.19425800E+00
  0.69726562E+00  0.19257179E+00
  0.69921875E+00  0.19089471E+00
  0.70117188E+00  0.18922668E+00
  0.70312500E+00  0.18756761E+00
  0.70507812E+00  0.18591744E+00
  0.70703125E+00  0.18427607E+00
  0.70898438E+00  0.18264344E+00
  0.71093750E+00  0.18101946E+00
  0.71289062E+00  0.17940407E+00
  0.71484375E+00  0.17779717E+00
  0.71679688E+00  0.17619871E+00
  0.71875000E+00  0.17460859E+00
  0.72070312E+00  0.17302675E+00
  0.72265625E+00  0.17145311E+00
  0.72460938E+00  0.16988759E+00
  0.72656250E+00  0.16833013E+00
  0.72851562E+00  0.16678064E+00
  0.73046875E+00  0.16523906E+00
  0.73242188E+00  0.16370531E+00
  0.73437500E+00  0.16217932E+00
  0.73632812E+00  0.16066101E+00
  0.73828125E+00  0.15915032E+00
  0.74023438E+00  0.15764717E+00
  0.74218750E+00  0.15615149E+00
  0.74414062E+00  0.15466322E+00
  0.74609375E+00  0.15318227E+00
  0.74804688E+00  0.15170858E+00
  0.75000000E+00  0.15024209E+00
  0.75195312E+00  0.14878271E+00
  0.75390625E+00  0.14733039E+00
  0.75585938E+00  0.14588504E+00
  0.75781250E+00  0.14444662E+00
  0.75976562E+00  0.14301503E+00
  0.76171875E+00  0.14159023E+00
  0.76367188E+00  0.14017213E+00
  0.76562500E+00  0.13876068E+00
  0.76757812E+00  0.13735581E+00
  0.76953125E+00  0.13595744E+00
  0.77148438E+00  0.13456552E+00
  0.77343750E+00  0.13317998E+00
  0.77539062E+00  0.13180074E+00
  0.77734375E+00  0.13042776E+00
  0.77929688E+00  0.12906096E+00
  0.78125000E+00  0.12770027E+00
  0.78320312E+00  0.12634563E+00
  0.78515625E+00  0.12499698E+00
  0.78710938E+00  0.12365426E+00
  0.78906250E+00  0.12231740E+00
  0.79101562E+00  0.12098633E+00
  0.79296875E+00  0.11966100E+00
  0.79492188E+00  0.11834134E+00
  0.79687500E+00  0.11702729E+00
  0.79882812E+00  0.11571878E+00
  0.80078125E+00  0.11441576E+00
  0.80273438E+00  0.11311816E+00
  0.80468750E+00  0.11182592E+00
  0.80664062E+00  0.11053898E+00
  0.80859375E+00  0.10925729E+00
  0.81054688E+00  0.10798076E+00
  0.81250000E+00  0.10670936E+00
  0.81445312E+00  0.10544301E+00
  0.81640625E+00  0.10418166E+00
  0.81835938E+00  0.10292525E+00
  0.82031250E+00  0.10167372E+00
  0.82226562E+00  0.10042700E+00
  0.82421875E+00  0.99185049E-01
  0.82617188E+00  0.97947795E-01
  0.82812500E+00  0.96715182E-01
  0.83007812E+00  0.95487153E-01
  0.83203125E+00  0.94263650E-01
  0.83398438E+00  0.93044614E-01
  0.83593750E+00  0.91829988E-01
  0.83789062E+00  0.90619714E-01
  0.83984375E+00  0.89413734E-01
  0.84179688E+00  0.88211993E-01
  0.84375000E+00  0.87014432E-01
  0.84570312E+00  0.85820995E-01
  0.84765625E+00  0.84631625E-01
  0.84960938E+00  0.83446266E-01
  0.85156250E+00  0.82264862E-01
  0.85351562E+00  0.81087357E-01
  0.85546875E+00  0.79913695E-01
  0.85742188E+00  0.78743820E-01
  0.85937500E+00  0.77577677E-01
  0.86132812E+00  0.76415211E-01
  0.86328125E+00  0.75256367E-01
  0.86523438E+00  0.74101089E-01
  0.86718750E+00  0.72949323E-01
  0.86914062E+00  0.71801014E-01
  0.87109375E+00  0.70656109E-01
  0.87304688E+00  0.69514551E-01
  0.87500000E+00  0.68376289E-01
  0.87695312E+00  0.67241267E-01
  0.87890625E+00  0.66109432E-01
  0.88085938E+00  0.64980730E-01
  0.88281250E+00  0.63855107E-01
  0.88476562E+00  0.62732511E-01
  0.88671875E+00  0.61612888E-01
  0.88867188E+00  0.60496185E-01
  0.89062500E+00  0.59382349E-01
  0.89257812E+00  0.58271328E-01
  0.89453125E+00  0.57163068E-01
  0.89648438E+00  0.56057517E-01
  0.89843750E+00  0.54954624E-01
  0.90039062E+00  0.53854334E-01
  0.90234375E+00  0.52756597E-01
  0.90429688E+00  0.51661360E-01
  0.90625000E+00  0.50568572E-01
  0.90820312E+00  0.49478180E-01
  0.91015625E+00  0.48390134E-01
  0.91210938E+00  0.47304380E-01
  0.91406250E+00  0.46220869E-01
  0.91601562E+00  0.45139548E-01
  0.91796875E+00  0.44060366E-01
  0.91992188E+00  0.42983273E-01
  0.92187500E+00  0.41908217E-01
  0.92382812E+00  0.40835146E-01
  0.92578125E+00  0.39764012E-01
  0.92773438E+00  0.38694761E-01
  0.92968750E+00  0.37627345E-01
  0.93164062E+00  0.36561712E-01
  0.93359375E+00  0.35497812E-01
  0.93554688E+00  0.34435594E-01
  0.93750000E+00  0.33375008E-01
  0.93945312E+00  0.32316004E-01
  0.94140625E+00  0.31258531E-01
  0.94335938E+00  0.30202540E-01
  0.94531250E+00  0.29147980E-01
  0.94726562E+00  0.28094802E-01
  0.94921875E+00  0.27042955E-01
  0.95117188E+00  0.25992390E-01
  0.95312500E+00  0.24943057E-01
  0.95507812E+00  0.23894906E-01
  0.95703125E+00  0.22847887E-01
  0.95898438E+00  0.21801951E-01
  0.96093750E+00  0.20757048E-01
  0.96289062E+00  0.19713130E-01
  0.96484375E+00  0.18670145E-01
  0.96679688E+00  0.17628045E-01
  0.96875000E+00  0.16586781E-01
  0.97070312E+00  0.15546303E-01
  0.97265625E+00  0.14506562E-01
  0.97460938E+00  0.13467508E-01
  0.97656250E+00  0.12429092E-01
  0.97851562E+00  0.11391266E-01
  0.98046875E+00  0.10353979E-01
  0.98242188E+00  0.93171832E-02
  0.98437500E+00  0.82808288E-02
  0.98632812E+00  0.72448669E-02
  0.98828125E+00  0.62092484E-02
  0.99023438E+00  0.51739241E-02
  0.99218750E+00  0.41388451E-02
  0.99414062E+00  0.31039622E-02
  0.99609375E+00  0.20692264E-02
  0.99804688E+00  0.10345887E-02
