 -0.99804688E+00  0.42549177E-02
 -0.99609375E+00  0.85097640E-02
 -0.99414062E+00  0.12764468E-01
 -0.99218750E+00  0.17018958E-01
 -0.99023438E+00  0.21273162E-01
 -0.98828125E+00  0.25527010E-01
 -0.98632812E+00  0.29780431E-01
 -0.98437500E+00  0.34033352E-01
 -0.98242188E+00  0.38285703E-01
 -0.98046875E+00  0.42537412E-01
 -0.97851562E+00  0.46788408E-01
 -0.97656250E+00  0.51038620E-01
 -0.97460938E+00  0.55287977E-01
 -0.97265625E+00  0.59536407E-01
 -0.97070312E+00  0.63783840E-01
 -0.96875000E+00  0.68030203E-01
 -0.96679688E+00  0.72275426E-01
 -0.96484375E+00  0.76519438E-01
 -0.96289062E+00  0.80762168E-01
 -0.96093750E+00  0.85003544E-01
 -0.95898438E+00  0.89243496E-01
 -0.95703125E+00  0.93481952E-01
 -0.95507812E+00  0.97718841E-01
 -0.95312500E+00  0.10195409E+00
 -0.95117188E+00  0.10618764E+00
 -0.94921875E+00  0.11041940E+00
 -0.94726562E+00  0.11464931E+00
 -0.94531250E+00  0.11887730E+00
 -0.94335938E+00  0.12310330E+00
 -0.94140625E+00  0.12732724E+00
 -0.93945312E+00  0.13154904E+00
 -0.93750000E+00  0.13576864E+00
 -0.93554688E+00  0.13998596E+00
 -0.93359375E+00  0.14420094E+00
 -0.93164062E+00  0.14841349E+00
 -0.92968750E+00  0.15262357E+00
 -0.92773438E+00  0.15683108E+00
 -0.92578125E+00  0.16103597E+00
 -0.92382812E+00  0.16523815E+00
 -0.92187500E+00  0.16943757E+00
 -0.91992188E+00  0.17363415E+00
 -0.91796875E+00  0.17782782E+00
 -0.91601562E+00  0.18201851E+00
 -0.91406250E+00  0.18620614E+00
 -0.91210938E+00  0.19039066E+00
 -0.91015625E+00  0.19457199E+00
 -0.90820312E+00  0.19875005E+00
 -0.90625000E+00  0.20292479E+00
 -0.90429688E+00  0.20709612E+00
 -0.90234375E+00  0.21126398E+00
 -0.90039062E+00  0.21542830E+00
 -0.89843750E+00  0.21958902E+00
 -0.89648438E+00  0.22374605E+00
 -0.89453125E+00  0.22789933E+00
 -0.89257812E+00  0.23204879E+00
 -0.89062500E+00  0.23619436E+00
 -0.88867188E+00  0.24033598E+00
 -0.88671875E+00  0.24447357E+00
 -0.88476562E+00  0.24860706E+00
 -0.88281250E+00  0.25273638E+00
 -0.88085938E+00  0.25686147E+00
 -0.87890625E+00  0.26098225E+00
 -0.87695312E+00  0.26509866E+00
 -0.87500000E+00  0.26921063E+00
 -0.87304688E+00  0.27331808E+00
 -0.87109375E+00  0.27742096E+00
 -0.86914062E+00  0.28151918E+00
 -0.86718750E+00  0.28561269E+00
 -0.86523438E+00  0.28970141E+00
 -0.86328125E+00  0.29378527E+00
 -0.86132812E+00  0.29786422E+00
 -0.85937500E+00  0.30193816E+00
 -0.85742188E+00  0.30600705E+00
 -0.85546875E+00  0.31007082E+00
 -0.85351562E+00  0.31412938E+00
 -0.85156250E+00  0.31818268E+00
 -0.84960938E+00  0.32223065E+00
 -0.84765625E+00  0.32627321E+00
 -0.84570312E+00  0.33031031E+00
 -0.84375000E+00  0.33434188E+00
 -0.84179688E+00  0.33836784E+00
 -0.83984375E+00  0.34238813E+00
 -0.83789062E+00  0.34640268E+00
 -0.83593750E+00  0.35041142E+00
 -0.83398438E+00  0.35441430E+00
 -0.83203125E+00  0.35841123E+00
 -0.83007812E+00  0.36240216E+00
 -0.82812500E+00  0.36638701E+00
 -0.82617188E+00  0.37036572E+00
 -0.82421875E+00  0.37433823E+00
 -0.82226562E+00  0.37830446E+00
 -0.82031250E+00  0.38226435E+00
 -0.81835938E+00  0.38621784E+00
 -0.81640625E+00  0.39016485E+00
 -0.81445312E+00  0.39410533E+00
 -0.81250000E+00  0.39803920E+00
 -0.81054688E+00  0.40196639E+00
 -0.80859375E+00  0.40588686E+00
 -0.80664062E+00  0.40980052E+00
 -0.80468750E+00  0.41370731E+00
 -0.80273438E+00  0.41760717E+00
 -0.80078125E+00  0.42150003E+00
 -0.79882812E+00  0.42538582E+00
 -0.79687500E+00  0.42926449E+00
 -0.79492188E+00  0.43313596E+00
 -0.79296875E+00  0.43700018E+00
 -0.79101562E+00  0.44085707E+00
 -0.78906250E+00  0.44470657E+00
 -0.78710938E+00  0.44854862E+00
 -0.78515625E+00  0.45238315E+00
 -0.78320312E+00  0.45621010E+00
 -0.78125000E+00  0.46002940E+00
 -0.77929688E+00  0.46384099E+00
 -0.77734375E+00  0.46764482E+00
 -0.77539062E+00  0.47144080E+00
 -0.77343750E+00  0.47522888E+00
 -0.77148438E+00  0.47900900E+00
 -0.76953125E+00  0.48278109E+00
 -0.76757812E+00  0.48654509E+00
 -0.76562500E+00  0.49030093E+00
 -0.76367188E+00  0.49404856E+00
 -0.76171875E+00  0.49778791E+00
 -0.75976562E+00  0.50151892E+00
 -0.75781250E+00  0.50524152E+00
 -0.75585938E+00  0.50895565E+00
 -0.75390625E+00  0.51266125E+00
 -0.75195312E+00  0.51635827E+00
 -0.75000000E+00  0.52004663E+00
 -0.74804688E+00  0.52372627E+00
 -0.74609375E+00  0.52739713E+00
 -0.74414062E+00  0.53105916E+00
 -0.74218750E+00  0.53471229E+00
 -0.74023438E+00  0.53835645E+00
 -0.73828125E+00  0.54199160E+00
 -0.73632812E+00  0.54561766E+00
 -0.73437500E+00  0.54923457E+00
 -0.73242188E+00  0.55284228E+00
 -0.73046875E+00  0.55644073E+00
 -0.72851562E+00  0.56002985E+00
 -0.72656250E+00  0.56360958E+00
 -0.72460938E+00  0.56717987E+00
 -0.72265625E+00  0.57074066E+00
 -0.72070312E+00  0.57429187E+00
 -0.71875000E+00  0.57783347E+00
 -0.71679688E+00  0.58136538E+00
 -0.71484375E+00  0.58488755E+00
 -0.71289062E+00  0.58839991E+00
 -0.71093750E+00  0.59190241E+00
 -0.70898438E+00  0.59539500E+00
 -0.70703125E+00  0.59887760E+00
 -0.70507812E+00  0.60235017E+00
 -0.70312500E+00  0.60581265E+00
 -0.70117188E+00  0.60926497E+00
 -0.69921875E+00  0.61270708E+00
 -0.69726562E+00  0.61613892E+00
 -0.69531250E+00  0.61956043E+00
 -0.69335938E+00  0.62297157E+00
 -0.69140625E+00  0.62637226E+00
 -0.68945312E+00  0.62976245E+00
 -0.68750000E+00  0.63314209E+00
 -0.68554688E+00  0.63651112E+00
 -0.68359375E+00  0.63986948E+00
 -0.68164062E+00  0.64321712E+00
 -0.67968750E+00  0.64655398E+00
 -0.67773438E+00  0.64988000E+00
 -0.67578125E+00  0.65319514E+00
 -0.67382812E+00  0.65649932E+00
 -0.67187500E+00  0.65979250E+00
 -0.66992188E+00  0.66307463E+00
 -0.66796875E+00  0.66634564E+00
 -0.66601562E+00  0.66960548E+00
 -0.66406250E+00  0.67285411E+00
 -0.66210938E+00  0.67609145E+00
 -0.66015625E+00  0.67931747E+00
 -0.65820312E+00  0.68253210E+00
 -0.65625000E+00  0.68573529E+00
 -0.65429688E+00  0.68892699E+00
 -0.65234375E+00  0.69210714E+00
 -0.65039062E+00  0.69527570E+00
 -0.64843750E+00  0.69843260E+00
 -0.64648438E+00  0.70157780E+00
 -0.64453125E+00  0.70471124E+00
 -0.64257812E+00  0.70783287E+00
 -0.64062500E+00  0.71094263E+00
 -0.63867188E+00  0.71404049E+00
 -0.63671875E+00  0.71712637E+00
 -0.63476562E+00  0.72020024E+00
 -0.63281250E+00  0.72326204E+00
 -0.63085938E+00  0.72631171E+00
 -0.62890625E+00  0.72934921E+00
 -0.62695312E+00  0.73237449E+00
 -0.62500000E+00  0.73538750E+00
 -0.62304688E+00  0.73838818E+00
 -0.62109375E+00  0.74137649E+00
 -0.61914062E+00  0.74435237E+00
 -0.61718750E+00  0.74731578E+00
 -0.61523438E+00  0.75026666E+00
 -0.61328125E+00  0.75320497E+00
 -0.61132812E+00  0.75613065E+00
 -0.60937500E+00  0.75904367E+00
 -0.60742188E+00  0.76194396E+00
 -0.60546875E+00  0.76483148E+00
 -0.60351562E+00  0.76770619E+00
 -0.60156250E+00  0.77056803E+00
 -0.59960938E+00  0.77341695E+00
 -0.59765625E+00  0.77625292E+00
 -0.59570312E+00  0.77907587E+00
 -0.59375000E+00  0.78188577E+00
 -0.59179688E+00  0.78468256E+00
 -0.58984375E+00  0.78746621E+00
 -0.58789062E+00  0.79023665E+00
 -0.58593750E+00  0.79299386E+00
 -0.58398438E+00  0.79573777E+00
 -0.58203125E+00  0.79846834E+00
 -0.58007812E+00  0.80118554E+00
 -0.57812500E+00  0.80388931E+00
 -0.57617188E+00  0.80657960E+00
 -0.57421875E+00  0.80925638E+00
 -0.57226562E+00  0.81191959E+00
 -0.57031250E+00  0.81456920E+00
 -0.56835938E+00  0.81720516E+00
 -0.56640625E+00  0.81982742E+00
 -0.56445312E+00  0.82243594E+00
 -0.56250000E+00  0.82503068E+00
 -0.56054688E+00  0.82761159E+00
 -0.55859375E+00  0.83017863E+00
 -0.55664062E+00  0.83273176E+00
 -0.55468750E+00  0.83527093E+00
 -0.55273438E+00  0.83779611E+00
 -0.55078125E+00  0.84030724E+00
 -0.54882812E+00  0.84280429E+00
 -0.54687500E+00  0.84528722E+00
 -0.54492188E+00  0.84775597E+00
 -0.54296875E+00  0.85021053E+00
 -0.54101562E+00  0.85265083E+00
 -0.53906250E+00  0.85507684E+00
 -0.53710938E+00  0.85748853E+00
 -0.53515625E+00  0.85988584E+00
 -0.53320312E+00  0.86226874E+00
 -0.53125000E+00  0.86463719E+00
 -0.52929688E+00  0.86699115E+00
 -0.52734375E+00  0.86933058E+00
 -0.52539062E+00  0.87165544E+00
 -0.52343750E+00  0.87396569E+00
 -0.52148438E+00  0.87626130E+00
 -0.51953125E+00  0.87854222E+00
 -0.51757812E+00  0.88080841E+00
 -0.51562500E+00  0.88305985E+00
 -0.51367188E+00  0.88529648E+00
 -0.51171875E+00  0.88751828E+00
 -0.50976562E+00  0.88972521E+00
 -0.50781250E+00  0.89191722E+00
 -0.50585938E+00  0.89409428E+00
 -0.50390625E+00  0.89625637E+00
 -0.50195312E+00  0.89840343E+00
 -0.50000000E+00  0.90053543E+00
 -0.49804688E+00  0.90265234E+00
 -0.49609375E+00  0.90475413E+00
 -0.49414062E+00  0.90684075E+00
 -0.49218750E+00  0.90891217E+00
 -0.49023438E+00  0.91096837E+00
 -0.48828125E+00  0.91300929E+00
 -0.48632812E+00  0.91503491E+00
 -0.48437500E+00  0.91704520E+00
 -0.48242188E+00  0.91904012E+00
 -0.48046875E+00  0.92101964E+00
 -0.47851562E+00  0.92298372E+00
 -0.47656250E+00  0.92493233E+00
 -0.47460938E+00  0.92686544E+00
 -0.47265625E+00  0.92878302E+00
 -0.47070312E+00  0.93068503E+00
 -0.46875000E+00  0.93257145E+00
 -0.46679688E+00  0.93444223E+00
 -0.46484375E+00  0.93629736E+00
 -0.46289062E+00  0.93813679E+00
 -0.46093750E+00  0.93996051E+00
 -0.45898438E+00  0.94176846E+00
 -0.45703125E+00  0.94356064E+00
 -0.45507812E+00  0.94533700E+00
 -0.45312500E+00  0.94709752E+00
 -0.45117188E+00  0.94884217E+00
 -0.44921875E+00  0.95057091E+00
 -0.44726562E+00  0.95228373E+00
 -0.44531250E+00  0.95398058E+00
 -0.44335938E+00  0.95566145E+00
 -0.44140625E+00  0.95732630E+00
 -0.43945312E+00  0.95897511E+00
 -0.43750000E+00  0.96060784E+00
 -0.43554688E+00  0.96222448E+00
 -0.43359375E+00  0.96382499E+00
 -0.43164062E+00  0.96540935E+00
 -0.42968750E+00  0.96697752E+00
 -0.42773438E+00  0.96852950E+00
 -0.42578125E+00  0.97006524E+00
 -0.42382812E+00  0.97158472E+00
 -0.42187500E+00  0.97308792E+00
 -0.41992188E+00  0.97457481E+00
 -0.41796875E+00  0.97604537E+00
 -0.41601562E+00  0.97749957E+00
 -0.41406250E+00  0.97893739E+00
 -0.41210938E+00  0.98035881E+00
 -0.41015625E+00  0.98176379E+00
 -0.40820312E+00  0.98315232E+00
 -0.40625000E+00  0.98452437E+00
 -0.40429688E+00  0.98587992E+00
 -0.40234375E+00  0.98721895E+00
 -0.40039062E+00  0.98854144E+00
 -0.39843750E+00  0.98984736E+00
 -0.39648438E+00  0.99113669E+00
 -0.39453125E+00  0.99240941E+00
 -0.39257812E+00  0.99366549E+00
 -0.39062500E+00  0.99490493E+00
 -0.38867188E+00  0.99612769E+00
 -0.38671875E+00  0.99733375E+00
 -0.38476562E+00  0.99852311E+00
 -0.38281250E+00  0.99969572E+00
 -0.38085938E+00  0.10008516E+01
 -0.37890625E+00  0.10019907E+01
 -0.37695312E+00  0.10031130E+01
 -0.37500000E+00  0.10042185E+01
 -0.37304688E+00  0.10053071E+01
 -0.37109375E+00  0.10063789E+01
 -0.36914062E+00  0.10074339E+01
 -0.36718750E+00  0.10084719E+01
 -0.36523438E+00  0.10094931E+01
 -0.36328125E+00  0.10104973E+01
 -0.36132812E+00  0.10114846E+01
 -0.35937500E+00  0.10124550E+01
 -0.35742188E+00  0.10134084E+01
 -0.35546875E+00  0.10143448E+01
 -0.35351562E+00  0.10152642E+01
 -0.35156250E+00  0.10161665E+01
 -0.34960938E+00  0.10170519E+01
 -0.34765625E+00  0.10179202E+01
 -0.34570312E+00  0.10187715E+01
 -0.34375000E+00  0.10196056E+01
 -0.34179688E+00  0.10204227E+01
 -0.33984375E+00  0.10212227E+01
 -0.33789062E+00  0.10220056E+01
 -0.33593750E+00  0.10227713E+01
 -0.33398438E+00  0.10235199E+01
 -0.33203125E+00  0.10242514E+01
 -0.33007812E+00  0.10248875E+01
 -0.32812500E+00  0.10254283E+01
 -0.32617188E+00  0.10258737E+01
 -0.32421875E+00  0.10262236E+01
 -0.32226562E+00  0.10264780E+01
 -0.32031250E+00  0.10266368E+01
 -0.31835938E+00  0.10267002E+01
 -0.31640625E+00  0.10266680E+01
 -0.31445312E+00  0.10265403E+01
 -0.31250000E+00  0.10263170E+01
 -0.31054688E+00  0.10259983E+01
 -0.30859375E+00  0.10255841E+01
 -0.30664062E+00  0.10250744E+01
 -0.30468750E+00  0.10244694E+01
 -0.30273438E+00  0.10237690E+01
 -0.30078125E+00  0.10229734E+01
 -0.29882812E+00  0.10220826E+01
 -0.29687500E+00  0.10210966E+01
 -0.29492188E+00  0.10200157E+01
 -0.29296875E+00  0.10188398E+01
 -0.29101562E+00  0.10175692E+01
 -0.28906250E+00  0.10162038E+01
 -0.28710938E+00  0.10147439E+01
 -0.28515625E+00  0.10131895E+01
 -0.28320312E+00  0.10115409E+01
 -0.28125000E+00  0.10097982E+01
 -0.27929688E+00  0.10079614E+01
 -0.27734375E+00  0.10060309E+01
 -0.27539062E+00  0.10040068E+01
 -0.27343750E+00  0.10018893E+01
 -0.27148438E+00  0.99967849E+00
 -0.26953125E+00  0.99737468E+00
 -0.26757812E+00  0.99497807E+00
 -0.26562500E+00  0.99248888E+00
 -0.26367188E+00  0.98990733E+00
 -0.26171875E+00  0.98723366E+00
 -0.25976562E+00  0.98446813E+00
 -0.25781250E+00  0.98161099E+00
 -0.25585938E+00  0.97866251E+00
 -0.25390625E+00  0.97562297E+00
 -0.25195312E+00  0.97249264E+00
 -0.25000000E+00  0.96927181E+00
 -0.24804688E+00  0.96596079E+00
 -0.24609375E+00  0.96255989E+00
 -0.24414062E+00  0.95906941E+00
 -0.24218750E+00  0.95548970E+00
 -0.24023438E+00  0.95182107E+00
 -0.23828125E+00  0.94806387E+00
 -0.23632812E+00  0.94421845E+00
 -0.23437500E+00  0.94028517E+00
 -0.23242188E+00  0.93626439E+00
 -0.23046875E+00  0.93215649E+00
 -0.22851562E+00  0.92796185E+00
 -0.22656250E+00  0.92368086E+00
 -0.22460938E+00  0.91931391E+00
 -0.22265625E+00  0.91486143E+00
 -0.22070312E+00  0.91032381E+00
 -0.21875000E+00  0.90570148E+00
 -0.21679688E+00  0.90099488E+00
 -0.21484375E+00  0.89620444E+00
 -0.21289062E+00  0.89133060E+00
 -0.21093750E+00  0.88637382E+00
 -0.20898438E+00  0.88133456E+00
 -0.20703125E+00  0.87621329E+00
 -0.20507812E+00  0.87101048E+00
 -0.20312500E+00  0.86572663E+00
 -0.20117188E+00  0.86036221E+00
 -0.19921875E+00  0.85491774E+00
 -0.19726562E+00  0.84939371E+00
 -0.19531250E+00  0.84379065E+00
 -0.19335938E+00  0.83810907E+00
 -0.19140625E+00  0.83234950E+00
 -0.18945312E+00  0.82651247E+00
 -0.18750000E+00  0.82059854E+00
 -0.18554688E+00  0.81460825E+00
 -0.18359375E+00  0.80854215E+00
 -0.18164062E+00  0.80240082E+00
 -0.17968750E+00  0.79618483E+00
 -0.17773438E+00  0.78989474E+00
 -0.17578125E+00  0.78353115E+00
 -0.17382812E+00  0.77709466E+00
 -0.17187500E+00  0.77058585E+00
 -0.16992188E+00  0.76400534E+00
 -0.16796875E+00  0.75735373E+00
 -0.16601562E+00  0.75063165E+00
 -0.16406250E+00  0.74383972E+00
 -0.16210938E+00  0.73697858E+00
 -0.16015625E+00  0.73004885E+00
 -0.15820312E+00  0.72305120E+00
 -0.15625000E+00  0.71598626E+00
 -0.15429688E+00  0.70885469E+00
 -0.15234375E+00  0.70165717E+00
 -0.15039062E+00  0.69439435E+00
 -0.14843750E+00  0.68706692E+00
 -0.14648438E+00  0.67967555E+00
 -0.14453125E+00  0.67222094E+00
 -0.14257812E+00  0.66470378E+00
 -0.14062500E+00  0.65712476E+00
 -0.13867188E+00  0.64948460E+00
 -0.13671875E+00  0.64178400E+00
 -0.13476562E+00  0.63402368E+00
 -0.13281250E+00  0.62620436E+00
 -0.13085938E+00  0.61832677E+00
 -0.12890625E+00  0.61039165E+00
 -0.12695312E+00  0.60239972E+00
 -0.12500000E+00  0.59435174E+00
 -0.12304688E+00  0.58624846E+00
 -0.12109375E+00  0.57809062E+00
 -0.11914062E+00  0.56987899E+00
 -0.11718750E+00  0.56161433E+00
 -0.11523438E+00  0.55329741E+00
 -0.11328125E+00  0.54492900E+00
 -0.11132812E+00  0.53650989E+00
 -0.10937500E+00  0.52804085E+00
 -0.10742188E+00  0.51952268E+00
 -0.10546875E+00  0.51095616E+00
 -0.10351562E+00  0.50234210E+00
 -0.10156250E+00  0.49368129E+00
 -0.99609375E-01  0.48497455E+00
 -0.97656250E-01  0.47622267E+00
 -0.95703125E-01  0.46742648E+00
 -0.93750000E-01  0.45858680E+00
 -0.91796875E-01  0.44970444E+00
 -0.89843750E-01  0.44078024E+00
 -0.87890625E-01  0.43181502E+00
 -0.85937500E-01  0.42280962E+00
 -0.83984375E-01  0.41376488E+00
 -0.82031250E-01  0.40468163E+00
 -0.80078125E-01  0.39556073E+00
 -0.78125000E-01  0.38640302E+00
 -0.76171875E-01  0.37720935E+00
 -0.74218750E-01  0.36798058E+00
 -0.72265625E-01  0.35871757E+00
 -0.70312500E-01  0.34942119E+00
 -0.68359375E-01  0.34009228E+00
 -0.66406250E-01  0.33073173E+00
 -0.64453125E-01  0.32134040E+00
 -0.62500000E-01  0.31191918E+00
 -0.60546875E-01  0.30246892E+00
 -0.58593750E-01  0.29299053E+00
 -0.56640625E-01  0.28348486E+00
 -0.54687500E-01  0.27395282E+00
 -0.52734375E-01  0.26439529E+00
 -0.50781250E-01  0.25481315E+00
 -0.48828125E-01  0.24520730E+00
 -0.46875000E-01  0.23557864E+00
 -0.44921875E-01  0.22592805E+00
 -0.42968750E-01  0.21625644E+00
 -0.41015625E-01  0.20656471E+00
 -0.39062500E-01  0.19685376E+00
 -0.37109375E-01  0.18712449E+00
 -0.35156250E-01  0.17737780E+00
 -0.33203125E-01  0.16761461E+00
 -0.31250000E-01  0.15783582E+00
 -0.29296875E-01  0.14804235E+00
 -0.27343750E-01  0.13823510E+00
 -0.25390625E-01  0.12841499E+00
 -0.23437500E-01  0.11858292E+00
 -0.21484375E-01  0.10873983E+00
 -0.19531250E-01  0.98886611E-01
 -0.17578125E-01  0.89024194E-01
 -0.15625000E-01  0.79153492E-01
 -0.13671875E-01  0.69275425E-01
 -0.11718750E-01  0.59390912E-01
 -0.97656250E-02  0.49500872E-01
 -0.78125000E-02  0.39606226E-01
 -0.58593750E-02  0.29707895E-01
 -0.39062500E-02  0.19806799E-01
 -0.19531250E-02  0.99038605E-02
  0.00000000E+00 -0.25393899E-12
  0.19531250E-02 -0.99038605E-02
  0.39062500E-02 -0.19806799E-01
  0.58593750E-02 -0.29707895E-01
  0.78125000E-02 -0.39606226E-01
  0.97656250E-02 -0.49500872E-01
  0.11718750E-01 -0.59390912E-01
  0.13671875E-01 -0.69275425E-01
  0.15625000E-01 -0.79153492E-01
  0.17578125E-01 -0.89024194E-01
  0.19531250E-01 -0.98886611E-01
  0.21484375E-01 -0.10873983E+00
  0.23437500E-01 -0.11858292E+00
  0.25390625E-01 -0.12841499E+00
  0.27343750E-01 -0.13823510E+00
  0.29296875E-01 -0.14804235E+00
  0.31250000E-01 -0.15783582E+00
  0.33203125E-01 -0.16761461E+00
  0.35156250E-01 -0.17737780E+00
  0.37109375E-01 -0.18712449E+00
  0.39062500E-01 -0.19685376E+00
  0.41015625E-01 -0.20656471E+00
  0.42968750E-01 -0.21625644E+00
  0.44921875E-01 -0.22592805E+00
  0.46875000E-01 -0.23557864E+00
  0.48828125E-01 -0.24520730E+00
  0.50781250E-01 -0.25481315E+00
  0.52734375E-01 -0.26439529E+00
  0.54687500E-01 -0.27395282E+00
  0.56640625E-01 -0.28348486E+00
  0.58593750E-01 -0.29299053E+00
  0.60546875E-01 -0.30246892E+00
  0.62500000E-01 -0.31191918E+00
  0.64453125E-01 -0.32134040E+00
  0.66406250E-01 -0.33073173E+00
  0.68359375E-01 -0.34009228E+00
  0.70312500E-01 -0.34942119E+00
  0.72265625E-01 -0.35871757E+00
  0.74218750E-01 -0.36798058E+00
  0.76171875E-01 -0.37720935E+00
  0.78125000E-01 -0.38640302E+00
  0.80078125E-01 -0.39556073E+00
  0.82031250E-01 -0.40468163E+00
  0.83984375E-01 -0.41376488E+00
  0.85937500E-01 -0.42280962E+00
  0.87890625E-01 -0.43181502E+00
  0.89843750E-01 -0.44078024E+00
  0.91796875E-01 -0.44970444E+00
  0.93750000E-01 -0.45858680E+00
  0.95703125E-01 -0.46742648E+00
  0.97656250E-01 -0.47622267E+00
  0.99609375E-01 -0.48497455E+00
  0.10156250E+00 -0.49368129E+00
  0.10351562E+00 -0.50234210E+00
  0.10546875E+00 -0.51095616E+00
  0.10742188E+00 -0.51952268E+00
  0.10937500E+00 -0.52804085E+00
  0.11132812E+00 -0.53650989E+00
  0.11328125E+00 -0.54492900E+00
  0.11523438E+00 -0.55329741E+00
  0.11718750E+00 -0.56161433E+00
  0.11914062E+00 -0.56987899E+00
  0.12109375E+00 -0.57809062E+00
  0.12304688E+00 -0.58624846E+00
  0.12500000E+00 -0.59435174E+00
  0.12695312E+00 -0.60239972E+00
  0.12890625E+00 -0.61039165E+00
  0.13085938E+00 -0.61832677E+00
  0.13281250E+00 -0.62620436E+00
  0.13476562E+00 -0.63402368E+00
  0.13671875E+00 -0.64178400E+00
  0.13867188E+00 -0.64948460E+00
  0.14062500E+00 -0.65712476E+00
  0.14257812E+00 -0.66470378E+00
  0.14453125E+00 -0.67222094E+00
  0.14648438E+00 -0.67967555E+00
  0.14843750E+00 -0.68706692E+00
  0.15039062E+00 -0.69439435E+00
  0.15234375E+00 -0.70165717E+00
  0.15429688E+00 -0.70885469E+00
  0.15625000E+00 -0.71598626E+00
  0.15820312E+00 -0.72305120E+00
  0.16015625E+00 -0.73004885E+00
  0.16210938E+00 -0.73697858E+00
  0.16406250E+00 -0.74383972E+00
  0.16601562E+00 -0.75063165E+00
  0.16796875E+00 -0.75735373E+00
  0.16992188E+00 -0.76400534E+00
  0.17187500E+00 -0.77058585E+00
  0.17382812E+00 -0.77709466E+00
  0.17578125E+00 -0.78353115E+00
  0.17773438E+00 -0.78989474E+00
  0.17968750E+00 -0.79618483E+00
  0.18164062E+00 -0.80240082E+00
  0.18359375E+00 -0.80854215E+00
  0.18554688E+00 -0.81460825E+00
  0.18750000E+00 -0.82059854E+00
  0.18945312E+00 -0.82651247E+00
  0.19140625E+00 -0.83234950E+00
  0.19335938E+00 -0.83810907E+00
  0.19531250E+00 -0.84379065E+00
  0.19726562E+00 -0.84939371E+00
  0.19921875E+00 -0.85491774E+00
  0.20117188E+00 -0.86036221E+00
  0.20312500E+00 -0.86572663E+00
  0.20507812E+00 -0.87101048E+00
  0.20703125E+00 -0.87621329E+00
  0.20898438E+00 -0.88133456E+00
  0.21093750E+00 -0.88637382E+00
  0.21289062E+00 -0.89133060E+00
  0.21484375E+00 -0.89620444E+00
  0.21679688E+00 -0.90099488E+00
  0.21875000E+00 -0.90570148E+00
  0.22070312E+00 -0.91032381E+00
  0.22265625E+00 -0.91486143E+00
  0.22460938E+00 -0.91931391E+00
  0.22656250E+00 -0.92368086E+00
  0.22851562E+00 -0.92796185E+00
  0.23046875E+00 -0.93215649E+00
  0.23242188E+00 -0.93626439E+00
  0.23437500E+00 -0.94028517E+00
  0.23632812E+00 -0.94421845E+00
  0.23828125E+00 -0.94806387E+00
  0.24023438E+00 -0.95182107E+00
  0.24218750E+00 -0.95548970E+00
  0.24414062E+00 -0.95906941E+00
  0.24609375E+00 -0.96255989E+00
  0.24804688E+00 -0.96596079E+00
  0.25000000E+00 -0.96927181E+00
  0.25195312E+00 -0.97249264E+00
  0.25390625E+00 -0.97562297E+00
  0.25585938E+00 -0.97866251E+00
  0.25781250E+00 -0.98161099E+00
  0.25976562E+00 -0.98446813E+00
  0.26171875E+00 -0.98723366E+00
  0.26367188E+00 -0.98990733E+00
  0.26562500E+00 -0.99248888E+00
  0.26757812E+00 -0.99497807E+00
  0.26953125E+00 -0.99737468E+00
  0.27148438E+00 -0.99967849E+00
  0.27343750E+00 -0.10018893E+01
  0.27539062E+00 -0.10040068E+01
  0.27734375E+00 -0.10060309E+01
  0.27929688E+00 -0.10079614E+01
  0.28125000E+00 -0.10097982E+01
  0.28320312E+00 -0.10115409E+01
  0.28515625E+00 -0.10131895E+01
  0.28710938E+00 -0.10147439E+01
  0.28906250E+00 -0.10162038E+01
  0.29101562E+00 -0.10175692E+01
  0.29296875E+00 -0.10188398E+01
  0.29492188E+00 -0.10200157E+01
  0.29687500E+00 -0.10210966E+01
  0.29882812E+00 -0.10220826E+01
  0.30078125E+00 -0.10229734E+01
  0.30273438E+00 -0.10237690E+01
  0.30468750E+00 -0.10244694E+01
  0.30664062E+00 -0.10250744E+01
  0.30859375E+00 -0.10255841E+01
  0.31054688E+00 -0.10259983E+01
  0.31250000E+00 -0.10263170E+01
  0.31445312E+00 -0.10265403E+01
  0.31640625E+00 -0.10266680E+01
  0.31835938E+00 -0.10267002E+01
  0.32031250E+00 -0.10266368E+01
  0.32226562E+00 -0.10264780E+01
  0.32421875E+00 -0.10262236E+01
  0.32617188E+00 -0.10258737E+01
  0.32812500E+00 -0.10254283E+01
  0.33007812E+00 -0.10248875E+01
  0.33203125E+00 -0.10242514E+01
  0.33398438E+00 -0.10235199E+01
  0.33593750E+00 -0.10227713E+01
  0.33789062E+00 -0.10220056E+01
  0.33984375E+00 -0.10212227E+01
  0.34179688E+00 -0.10204227E+01
  0.34375000E+00 -0.10196056E+01
  0.34570312E+00 -0.10187715E+01
  0.34765625E+00 -0.10179202E+01
  0.34960938E+00 -0.10170519E+01
  0.35156250E+00 -0.10161665E+01
  0.35351562E+00 -0.10152642E+01
  0.35546875E+00 -0.10143448E+01
  0.35742188E+00 -0.10134084E+01
  0.35937500E+00 -0.10124550E+01
  0.36132812E+00 -0.10114846E+01
  0.36328125E+00 -0.10104973E+01
  0.36523438E+00 -0.10094931E+01
  0.36718750E+00 -0.10084719E+01
  0.36914062E+00 -0.10074339E+01
  0.37109375E+00 -0.10063789E+01
  0.37304688E+00 -0.10053071E+01
  0.37500000E+00 -0.10042185E+01
  0.37695312E+00 -0.10031130E+01
  0.37890625E+00 -0.10019907E+01
  0.38085938E+00 -0.10008516E+01
  0.38281250E+00 -0.99969572E+00
  0.38476562E+00 -0.99852311E+00
  0.38671875E+00 -0.99733375E+00
  0.38867188E+00 -0.99612769E+00
  0.39062500E+00 -0.99490493E+00
  0.39257812E+00 -0.99366549E+00
  0.39453125E+00 -0.99240941E+00
  0.39648438E+00 -0.99113669E+00
  0.39843750E+00 -0.98984736E+00
  0.40039062E+00 -0.98854144E+00
  0.40234375E+00 -0.98721895E+00
  0.40429688E+00 -0.98587992E+00
  0.40625000E+00 -0.98452437E+00
  0.40820312E+00 -0.98315232E+00
  0.41015625E+00 -0.98176379E+00
  0.41210938E+00 -0.98035881E+00
  0.41406250E+00 -0.97893739E+00
  0.41601562E+00 -0.97749957E+00
  0.41796875E+00 -0.97604537E+00
  0.41992188E+00 -0.97457481E+00
  0.42187500E+00 -0.97308792E+00
  0.42382812E+00 -0.97158472E+00
  0.42578125E+00 -0.97006524E+00
  0.42773438E+00 -0.96852950E+00
  0.42968750E+00 -0.96697752E+00
  0.43164062E+00 -0.96540935E+00
  0.43359375E+00 -0.96382499E+00
  0.43554688E+00 -0.96222448E+00
  0.43750000E+00 -0.96060784E+00
  0.43945312E+00 -0.95897511E+00
  0.44140625E+00 -0.95732630E+00
  0.44335938E+00 -0.95566145E+00
  0.44531250E+00 -0.95398058E+00
  0.44726562E+00 -0.95228373E+00
  0.44921875E+00 -0.95057091E+00
  0.45117188E+00 -0.94884217E+00
  0.45312500E+00 -0.94709752E+00
  0.45507812E+00 -0.94533700E+00
  0.45703125E+00 -0.94356064E+00
  0.45898438E+00 -0.94176846E+00
  0.46093750E+00 -0.93996051E+00
  0.46289062E+00 -0.93813679E+00
  0.46484375E+00 -0.93629736E+00
  0.46679688E+00 -0.93444223E+00
  0.46875000E+00 -0.93257145E+00
  0.47070312E+00 -0.93068503E+00
  0.47265625E+00 -0.92878302E+00
  0.47460938E+00 -0.92686544E+00
  0.47656250E+00 -0.92493233E+00
  0.47851562E+00 -0.92298372E+00
  0.48046875E+00 -0.92101964E+00
  0.48242188E+00 -0.91904012E+00
  0.48437500E+00 -0.91704520E+00
  0.48632812E+00 -0.91503491E+00
  0.48828125E+00 -0.91300929E+00
  0.49023438E+00 -0.91096837E+00
  0.49218750E+00 -0.90891217E+00
  0.49414062E+00 -0.90684075E+00
  0.49609375E+00 -0.90475413E+00
  0.49804688E+00 -0.90265234E+00
  0.50000000E+00 -0.90053543E+00
  0.50195312E+00 -0.89840343E+00
  0.50390625E+00 -0.89625637E+00
  0.50585938E+00 -0.89409428E+00
  0.50781250E+00 -0.89191722E+00
  0.50976562E+00 -0.88972521E+00
  0.51171875E+00 -0.88751828E+00
  0.51367188E+00 -0.88529648E+00
  0.51562500E+00 -0.88305985E+00
  0.51757812E+00 -0.88080841E+00
  0.51953125E+00 -0.87854222E+00
  0.52148438E+00 -0.87626130E+00
  0.52343750E+00 -0.87396569E+00
  0.52539062E+00 -0.87165544E+00
  0.52734375E+00 -0.86933058E+00
  0.52929688E+00 -0.86699115E+00
  0.53125000E+00 -0.86463719E+00
  0.53320312E+00 -0.86226874E+00
  0.53515625E+00 -0.85988584E+00
  0.53710938E+00 -0.85748853E+00
  0.53906250E+00 -0.85507684E+00
  0.54101562E+00 -0.85265083E+00
  0.54296875E+00 -0.85021053E+00
  0.54492188E+00 -0.84775597E+00
  0.54687500E+00 -0.84528722E+00
  0.54882812E+00 -0.84280429E+00
  0.55078125E+00 -0.84030724E+00
  0.55273438E+00 -0.83779611E+00
  0.55468750E+00 -0.83527093E+00
  0.55664062E+00 -0.83273176E+00
  0.55859375E+00 -0.83017863E+00
  0.56054688E+00 -0.82761159E+00
  0.56250000E+00 -0.82503068E+00
  0.56445312E+00 -0.82243594E+00
  0.56640625E+00 -0.81982742E+00
  0.56835938E+00 -0.81720516E+00
  0.57031250E+00 -0.81456920E+00
  0.57226562E+00 -0.81191959E+00
  0.57421875E+00 -0.80925638E+00
  0.57617188E+00 -0.80657960E+00
  0.57812500E+00 -0.80388931E+00
  0.58007812E+00 -0.80118554E+00
  0.58203125E+00 -0.79846834E+00
  0.58398438E+00 -0.79573777E+00
  0.58593750E+00 -0.79299386E+00
  0.58789062E+00 -0.79023665E+00
  0.58984375E+00 -0.78746621E+00
  0.59179688E+00 -0.78468256E+00
  0.59375000E+00 -0.78188577E+00
  0.59570312E+00 -0.77907587E+00
  0.59765625E+00 -0.77625292E+00
  0.59960938E+00 -0.77341695E+00
  0.60156250E+00 -0.77056803E+00
  0.60351562E+00 -0.76770619E+00
  0.60546875E+00 -0.76483148E+00
  0.60742188E+00 -0.76194396E+00
  0.60937500E+00 -0.75904367E+00
  0.61132812E+00 -0.75613065E+00
  0.61328125E+00 -0.75320497E+00
  0.61523438E+00 -0.75026666E+00
  0.61718750E+00 -0.74731578E+00
  0.61914062E+00 -0.74435237E+00
  0.62109375E+00 -0.74137649E+00
  0.62304688E+00 -0.73838818E+00
  0.62500000E+00 -0.73538750E+00
  0.62695312E+00 -0.73237449E+00
  0.62890625E+00 -0.72934921E+00
  0.63085938E+00 -0.72631171E+00
  0.63281250E+00 -0.72326204E+00
  0.63476562E+00 -0.72020024E+00
  0.63671875E+00 -0.71712637E+00
  0.63867188E+00 -0.71404049E+00
  0.64062500E+00 -0.71094263E+00
  0.64257812E+00 -0.70783287E+00
  0.64453125E+00 -0.70471124E+00
  0.64648438E+00 -0.70157780E+00
  0.64843750E+00 -0.69843260E+00
  0.65039062E+00 -0.69527570E+00
  0.65234375E+00 -0.69210714E+00
  0.65429688E+00 -0.68892699E+00
  0.65625000E+00 -0.68573529E+00
  0.65820312E+00 -0.68253210E+00
  0.66015625E+00 -0.67931747E+00
  0.66210938E+00 -0.67609145E+00
  0.66406250E+00 -0.67285411E+00
  0.66601562E+00 -0.66960548E+00
  0.66796875E+00 -0.66634564E+00
  0.66992188E+00 -0.66307463E+00
  0.67187500E+00 -0.65979250E+00
  0.67382812E+00 -0.65649932E+00
  0.67578125E+00 -0.65319514E+00
  0.67773438E+00 -0.64988000E+00
  0.67968750E+00 -0.64655398E+00
  0.68164062E+00 -0.64321712E+00
  0.68359375E+00 -0.63986948E+00
  0.68554688E+00 -0.63651112E+00
  0.68750000E+00 -0.63314209E+00
  0.68945312E+00 -0.62976245E+00
  0.69140625E+00 -0.62637226E+00
  0.69335938E+00 -0.62297157E+00
  0.69531250E+00 -0.61956043E+00
  0.69726562E+00 -0.61613892E+00
  0.69921875E+00 -0.61270708E+00
  0.70117188E+00 -0.60926497E+00
  0.70312500E+00 -0.60581265E+00
  0.70507812E+00 -0.60235017E+00
  0.70703125E+00 -0.59887760E+00
  0.70898438E+00 -0.59539500E+00
  0.71093750E+00 -0.59190241E+00
  0.71289062E+00 -0.58839991E+00
  0.71484375E+00 -0.58488755E+00
  0.71679688E+00 -0.58136538E+00
  0.71875000E+00 -0.57783347E+00
  0.72070312E+00 -0.57429187E+00
  0.72265625E+00 -0.57074066E+00
  0.72460938E+00 -0.56717987E+00
  0.72656250E+00 -0.56360958E+00
  0.72851562E+00 -0.56002985E+00
  0.73046875E+00 -0.55644073E+00
  0.73242188E+00 -0.55284228E+00
  0.73437500E+00 -0.54923457E+00
  0.73632812E+00 -0.54561766E+00
  0.73828125E+00 -0.54199160E+00
  0.74023438E+00 -0.53835645E+00
  0.74218750E+00 -0.53471229E+00
  0.74414062E+00 -0.53105916E+00
  0.74609375E+00 -0.52739713E+00
  0.74804688E+00 -0.52372627E+00
  0.75000000E+00 -0.52004663E+00
  0.75195312E+00 -0.51635827E+00
  0.75390625E+00 -0.51266125E+00
  0.75585938E+00 -0.50895565E+00
  0.75781250E+00 -0.50524152E+00
  0.75976562E+00 -0.50151892E+00
  0.76171875E+00 -0.49778791E+00
  0.76367188E+00 -0.49404856E+00
  0.76562500E+00 -0.49030093E+00
  0.76757812E+00 -0.48654509E+00
  0.76953125E+00 -0.48278109E+00
  0.77148438E+00 -0.47900900E+00
  0.77343750E+00 -0.47522888E+00
  0.77539062E+00 -0.47144080E+00
  0.77734375E+00 -0.46764482E+00
  0.77929688E+00 -0.46384099E+00
  0.78125000E+00 -0.46002940E+00
  0.78320312E+00 -0.45621010E+00
  0.78515625E+00 -0.45238315E+00
  0.78710938E+00 -0.44854862E+00
  0.78906250E+00 -0.44470657E+00
  0.79101562E+00 -0.44085707E+00
  0.79296875E+00 -0.43700018E+00
  0.79492188E+00 -0.43313596E+00
  0.79687500E+00 -0.42926449E+00
  0.79882812E+00 -0.42538582E+00
  0.80078125E+00 -0.42150003E+00
  0.80273438E+00 -0.41760717E+00
  0.80468750E+00 -0.41370731E+00
  0.80664062E+00 -0.40980052E+00
  0.80859375E+00 -0.40588686E+00
  0.81054688E+00 -0.40196639E+00
  0.81250000E+00 -0.39803920E+00
  0.81445312E+00 -0.39410533E+00
  0.81640625E+00 -0.39016485E+00
  0.81835938E+00 -0.38621784E+00
  0.82031250E+00 -0.38226435E+00
  0.82226562E+00 -0.37830446E+00
  0.82421875E+00 -0.37433823E+00
  0.82617188E+00 -0.37036572E+00
  0.82812500E+00 -0.36638701E+00
  0.83007812E+00 -0.36240216E+00
  0.83203125E+00 -0.35841123E+00
  0.83398438E+00 -0.35441430E+00
  0.83593750E+00 -0.35041142E+00
  0.83789062E+00 -0.34640268E+00
  0.83984375E+00 -0.34238813E+00
  0.84179688E+00 -0.33836784E+00
  0.84375000E+00 -0.33434188E+00
  0.84570312E+00 -0.33031031E+00
  0.84765625E+00 -0.32627321E+00
  0.84960938E+00 -0.32223065E+00
  0.85156250E+00 -0.31818268E+00
  0.85351562E+00 -0.31412938E+00
  0.85546875E+00 -0.31007082E+00
  0.85742188E+00 -0.30600705E+00
  0.85937500E+00 -0.30193816E+00
  0.86132812E+00 -0.29786422E+00
  0.86328125E+00 -0.29378527E+00
  0.86523438E+00 -0.28970141E+00
  0.86718750E+00 -0.28561269E+00
  0.86914062E+00 -0.28151918E+00
  0.87109375E+00 -0.27742096E+00
  0.87304688E+00 -0.27331808E+00
  0.87500000E+00 -0.26921063E+00
  0.87695312E+00 -0.26509866E+00
  0.87890625E+00 -0.26098225E+00
  0.88085938E+00 -0.25686147E+00
  0.88281250E+00 -0.25273638E+00
  0.88476562E+00 -0.24860706E+00
  0.88671875E+00 -0.24447357E+00
  0.88867188E+00 -0.24033598E+00
  0.89062500E+00 -0.23619436E+00
  0.89257812E+00 -0.23204879E+00
  0.89453125E+00 -0.22789933E+00
  0.89648438E+00 -0.22374605E+00
  0.89843750E+00 -0.21958902E+00
  0.90039062E+00 -0.21542830E+00
  0.90234375E+00 -0.21126398E+00
  0.90429688E+00 -0.20709612E+00
  0.90625000E+00 -0.20292479E+00
  0.90820312E+00 -0.19875005E+00
  0.91015625E+00 -0.19457199E+00
  0.91210938E+00 -0.19039066E+00
  0.91406250E+00 -0.18620614E+00
  0.91601562E+00 -0.18201851E+00
  0.91796875E+00 -0.17782782E+00
  0.91992188E+00 -0.17363415E+00
  0.92187500E+00 -0.16943757E+00
  0.92382812E+00 -0.16523815E+00
  0.92578125E+00 -0.16103597E+00
  0.92773438E+00 -0.15683108E+00
  0.92968750E+00 -0.15262357E+00
  0.93164062E+00 -0.14841349E+00
  0.93359375E+00 -0.14420094E+00
  0.93554688E+00 -0.13998596E+00
  0.93750000E+00 -0.13576864E+00
  0.93945312E+00 -0.13154904E+00
  0.94140625E+00 -0.12732724E+00
  0.94335938E+00 -0.12310330E+00
  0.94531250E+00 -0.11887730E+00
  0.94726562E+00 -0.11464931E+00
  0.94921875E+00 -0.11041940E+00
  0.95117188E+00 -0.10618764E+00
  0.95312500E+00 -0.10195409E+00
  0.95507812E+00 -0.97718841E-01
  0.95703125E+00 -0.93481952E-01
  0.95898438E+00 -0.89243496E-01
  0.96093750E+00 -0.85003544E-01
  0.96289062E+00 -0.80762168E-01
  0.96484375E+00 -0.76519438E-01
  0.96679688E+00 -0.72275426E-01
  0.96875000E+00 -0.68030203E-01
  0.97070312E+00 -0.63783840E-01
  0.97265625E+00 -0.59536407E-01
  0.97460938E+00 -0.55287977E-01
  0.97656250E+00 -0.51038620E-01
  0.97851562E+00 -0.46788408E-01
  0.98046875E+00 -0.42537412E-01
  0.98242188E+00 -0.38285703E-01
  0.98437500E+00 -0.34033352E-01
  0.98632812E+00 -0.29780431E-01
  0.98828125E+00 -0.25527010E-01
  0.99023438E+00 -0.21273162E-01
  0.99218750E+00 -0.17018958E-01
  0.99414062E+00 -0.12764468E-01
  0.99609375E+00 -0.85097640E-02
  0.99804688E+00 -0.42549177E-02
